tests/GridSurface/491_928.asc
ncols 118
nrows 1000
xllcorner 491882
yllcorner 928000
cellsize 1
nodata_value -9999
[rows 256 to 287 of 1000, columns 0 to 71 of 118]
-9999 521.59 521.42 521.53 521.8 522.35 522.29 522.82 523.77 523.9 523.3 527.22 525.44 523.04 521.69 521.37 521.24 525.71 521.71 537.94 539.62 529.92 541.02 538.56 539.96 541.5 544.27 537.06 546.14 546.33 544.67 546.99 547.26 543.77 545.71 546.18 537.45 522.9 522.4 522.78 522.45 522.24 522.82 523.76 523.44 522.79 522.27 521.81 521.02 520.88 521.03 521.43 522.3 521.8 521.89 522.13 522.5 523.16 523.11 523.7 523.4 523.23 523.73 523.5 523.37 527.25 527.94 535.4 536.69 538.29 538.7 537.81
-9999 521.23 521.3 521.11 522.61 523.38 523 524.22 524.02 525.73 527.45 524.7 526.32 526.7 524.66 523.22 522.11 521.1 533.81 536.84 536.99 540.35 540.69 540.65 541.41 542.58 543.31 545.11 545.16 547.12 542.19 545.93 544.16 546.54 546.95 545.66 533.19 522.34 522.27 522.53 522.35 523.01 523.67 523.98 523.08 522.42 521.91 521.63 521.44 520.93 521.2 522.55 522.12 521.27 521.61 521.47 522.22 522.7 523.04 523.35 522.94 522.96 523.3 523.34 523.37 526.01 535.72 537.09 538.99 539.09 538.91 538.69
-9999 523.02 524.02 521.02 526.91 523.27 523.42 531.28 525.49 528.02 529.82 525.34 524.5 526.53 526.97 525.8 522.17 521.4 525.99 537.12 538.34 540.97 540.67 541.58 541.7 542.47 541.93 542.96 545.3 547.23 537.36 546.32 544.67 545.77 545.35 545.34 521.75 521.88 522.22 522.65 522.64 523.25 523.85 523.96 522.8 522.21 521.68 521.71 522.22 521.43 521.24 522.18 522.15 521.9 521.16 521.29 521.83 522.07 522.19 522.12 522.14 522.5 522.68 523.01 523.45 527.59 536.03 535.9 536.44 537.81 538.08 538.8
-9999 525.48 526.74 531.13 528.73 529.79 525 528.55 528.34 528.94 526.01 528.65 526.64 525.87 526 531.87 527.97 524.04 524.26 536.16 536.37 539.16 540.98 541.2 542.03 542.41 542.63 543.45 542.6 544.88 543.64 546.94 546.99 546.63 546.18 538.53 537.77 521.89 522.17 522.55 523.34 522.79 523.13 522.85 522.64 522.25 521.96 522.01 522.09 521.67 521.24 521.87 522.08 522.43 521.97 521.52 522 521.41 521.77 521.38 521.41 521.22 522.88 522.1 522.62 522.44 534.4 534.63 537.54 537.08 538.5 535.51
-9999 524.95 526.21 522.73 527.63 529.26 529.45 533.7 534.64 532.2 529.99 531.96 533.88 534.95 534.53 527.25 528.89 521.73 523.6 530.21 536.72 536.92 536 540.31 538.94 541.02 542.7 544.55 544.69 546.14 544.91 545.5 545.09 544.07 541.41 524.35 523.62 522.56 523.36 524.4 523.87 524.27 525.36 523 522.4 522.01 521.98 521.89 522.07 521.62 521.34 521.28 522.13 522.48 523.33 522.5 522.22 521.91 521.92 522.06 522.21 522.59 522.97 523.16 522.05 521.42 521.37 533.02 536.81 535.33 537.19 535.75
-9999 523.88 525.48 524.57 523.2 525.77 533.8 535.4 534.75 529.64 534.58 536.84 534.57 534.98 531.85 534.87 535.48 525.29 524.11 522.49 530.04 532.6 528.65 529.91 528.87 526.35 534.55 539.72 537.13 545.3 545.33 545.27 530.07 537.85 524.17 522.86 522.86 523.38 524.67 525.85 525.73 524.85 524.69 523.78 523.38 522.45 522.2 522.2 522.44 522.22 521.89 522.02 522.37 522.57 522.78 522.68 522.61 522.05 521.83 522.38 522.73 523.29 522.87 522.2 522.4 522.74 522.43 521.89 530.55 532.4 535.65 536.41
-9999 523.92 524.9 525.57 528.25 529.17 534.89 535.2 534.36 533.51 533.72 535.17 537.03 537.57 535.39 536.53 535.25 531.22 524.53 523.3 521.23 520.92 527.68 521.4 521.07 521.55 524.72 535.68 538.74 544.73 544.6 542.16 523.72 525.1 521.95 523.1 521.71 522.65 523.13 523.24 524.11 524.97 525.15 523.62 522.43 522.42 522.37 522.29 522.59 522.92 522.5 522.7 522.54 522.8 522.62 522.17 522.65 522.31 522.32 522.46 522.71 522.97 522.15 522.31 523.29 523.44 523.31 522.29 522.37 524.84 522.65 527.42
-9999 524.67 525.65 526.62 530.25 528.51 531.99 532.66 531.51 528.76 535.54 536.31 538.24 538.13 537.83 537.33 526.27 535.02 527.37 521.62 521.35 521.14 522.8 521.02 521.12 523.64 523.78 525.59 522.41 536.56 527.74 531.56 524.08 525.72 524.61 526.02 524.38 522.32 522.85 523.34 524.09 526.69 526.23 525.42 522.9 522.89 522.7 522.74 522.57 522.87 522.96 522.7 522.41 523.22 522.82 522.63 522.3 522.49 522.46 522.46 522.96 523.15 522.85 522.48 522.98 523.51 523.67 522.48 522.67 522.83 522.77 526.68
-9999 525.23 526.17 526 525.72 525.42 529.19 526.68 527.26 530.86 532.71 536.63 538.04 537.27 537.75 537.16 537.15 535.48 526.42 521.14 520.8 522.07 526.04 525.56 522.7 522.38 523.94 524.15 522.99 521.87 521.74 521.77 524.49 525.42 524.54 525.08 523.13 522.21 522.75 528.76 529.35 524.1 524.03 523.82 522.67 522.56 523.21 522.98 522.78 522.69 522.71 522.51 522.36 522.59 522.85 522.81 522.77 522.51 522.29 523.03 523.46 523.9 523.1 522.72 522.72 522.66 522.58 522.79 523 523.17 522.93 525.26
-9999 525.41 525.99 526.15 525.94 525.45 524.55 522.87 520.91 525.98 531.15 528.37 535.66 536.13 536.43 535.96 534.74 528.75 520.85 521.1 521.48 522.91 525.82 525.67 522.38 521.11 521.92 523.63 521.43 521.46 521.45 521.73 524.51 526.02 524.43 525.44 521.94 525.39 525.02 527.78 535.3 532.57 521.87 522.34 522.79 523.58 522.14 522.18 522.46 522.38 522.5 522.24 521.96 521.92 522.22 522.52 522.78 523.05 522.99 522.84 522.81 522.62 522.7 522.65 522.51 522.15 521.98 522.22 522.79 523.03 523.15 523.14
-9999 524.72 525.66 525.72 525.62 524.91 523.68 521.71 522.01 527.71 528.64 535.21 534.35 535.56 535.29 532.12 533.22 520.87 520.95 520.81 521.45 522.75 523.63 525.18 520.77 521.05 521.2 521.41 521.42 521.2 520.94 521.37 523.89 524.87 524.1 521.77 521.83 524.07 527.69 532.53 534.38 533.78 530.45 524.92 534.69 523.73 522.39 522.38 522.33 522.55 522.55 522.04 521.58 522.35 522.39 522.33 522.57 522.86 522.96 522.84 522.92 523.08 522.74 522.2 522.05 521.85 521.5 521.87 522.68 522.87 523.09 523.3
-9999 523.66 525.08 525.42 525.18 523.54 522.44 520.66 521.64 523.33 524.59 522.34 534.11 536.09 534.58 528.39 520.7 521.26 521.06 521.18 522.17 522.84 523.42 524.98 522.77 521.27 521.39 521.4 521.45 521.31 521.29 521.34 524 524.2 523.8 521.78 521.56 521.49 535.39 535.1 535.86 536.84 527.97 530.49 533.03 522 522.96 522.28 522.63 522.54 522.42 522.72 522.53 521.97 521.91 521.84 522.28 522.44 522.83 523.09 523.14 522.98 523.11 522.63 521.58 521.82 521.45 521.83 522.38 522.36 522.37 522.88
-9999 521.04 522.89 524.14 523.35 521.32 520.8 520.85 521.52 522.8 522.96 521.9 522.95 522.35 532.79 524.69 520.78 521.1 520.83 520.79 522.05 522.39 522.29 521.65 521.36 521.31 521.73 521.24 520.93 520.87 521.28 521.33 522.61 522.58 522.73 521.54 525.97 523.28 532.49 536.08 537.18 537.14 535.37 534.79 536.25 532.08 528.98 521.74 522.54 522.48 522.48 522.89 522.85 521.99 521.18 521.07 521.29 522.53 522.66 524.81 526.37 523.33 527.2 529.2 524.93 521.92 521.87 521.81 521.77 522.46 522.89 522.9
-9999 520.92 521.16 520.89 520.96 520.81 520.93 521.01 521.1 522 521.71 520.96 520.5 520.86 520.95 520.92 521.18 520.53 522 522.6 522.79 521.52 522.27 523.12 522.08 521.94 522.03 521.31 522.03 523.01 521.6 520.93 520.78 521.01 521.37 521.21 522.44 531.27 533.4 536 536.38 536.07 536.03 534.23 527.98 530.3 530.49 522.31 522.37 522.21 522.51 522.43 522.7 521.95 521.35 521.57 522.28 522.75 523.34 526.48 529.96 527.32 530.09 528.92 523.2 522.23 521.89 521.57 521.65 522.38 522.98 522.66
-9999 520.57 520.51 520.59 520.69 521.13 521.16 521.5 521.75 521.6 522.64 522.56 521.54 520.4 520.98 521.72 521.37 521.1 522.38 523.22 522.95 522.43 521.96 523.05 522.85 522.27 522 521.34 523.37 522.24 521.41 521.22 520.99 521.29 521.23 521.39 521.78 526.21 536.11 535.13 536.83 537.34 536.67 533.45 532.72 528.39 521.97 522.23 522.22 522.46 522.66 522.46 522.67 522.65 522.31 522 522.52 522.45 524.59 528.02 530.08 530.13 529.44 528.05 524.12 522.29 522.23 521.4 521.83 522.38 522.9 522.86
-9999 520.62 520.86 520.78 522.19 521.99 521.44 521.5 521.69 521.74 522.63 524.1 524.93 523.72 521.84 522.14 522.18 522.17 522.02 521.97 522.83 520.74 522.11 523.07 523.1 522.47 521.85 521.19 520.86 521.09 520.9 521.34 521.15 520.99 521.28 521.56 521.68 528.52 526.4 533.76 534.96 536.21 536.52 533.08 527.54 522.24 521.56 521.85 521.85 522.34 522.56 522.38 522.36 522.7 522.54 522.22 522.46 522.35 522.02 525.26 527.49 530.51 529.97 528.27 525.69 522.16 526.31 523.54 522.14 522.21 522.57 522.09
-9999 525.4 521.72 521.82 522.45 522.22 521.53 521.37 521.61 521.99 522.27 524.12 522.25 524.45 521.73 522.05 522.49 522.34 521.79 524.06 523 521.18 522.23 522.47 522.65 522.51 521.26 521.46 520.89 520.77 520.73 520.59 521.62 521.54 521.51 521.79 522.16 522.1 531 534.68 534.1 533.28 535.41 532.54 533 526.32 522.19 522.39 522.08 522.29 522.54 522.33 522.02 522.3 522.45 522.71 523.12 522.26 523.2 524.33 528.22 530.42 530.69 528.92 528.95 522.65 528.72 528.68 522.51 522.56 524.29 521.66
-9999 528.12 526.16 522.76 523.11 522.76 522.45 521.83 522.46 522.73 522.77 523.41 522.75 522.83 522 522.1 521.93 521.69 522 524.9 524.73 523.56 521.77 521.79 523.35 523.39 522.93 522.71 522.34 522.3 521.62 521.81 522.15 521.65 521.48 521.75 521.91 521.28 523.72 526.49 524.46 531.37 534.11 527.94 521.73 522 522.66 522.95 522.64 522.77 522.96 522.85 522.4 522.14 522.3 522.59 522.65 522.98 523.4 525.46 527.36 528.87 530.04 528.99 530.01 530.02 529.43 528.15 523.16 527.63 523.99 521.93
-9999 528.03 526.34 523.58 523.15 521.06 521.43 523.29 523.42 523.4 522.82 522.09 522.54 521.55 522.3 522.41 522 521.5 523.85 525.97 526.24 525.01 522.21 521.76 522.35 523.97 523.8 522.99 522.61 522.4 522.18 521.93 522.67 520.96 521.03 521.54 521.67 521.3 521.68 521.6 522.63 521.6 522.77 522.18 521.97 522.35 523.27 522.74 522.5 522.68 523.14 522.64 522.11 521.96 522.02 537.22 522.32 524.05 527.96 522.06 526.89 526.52 528.39 529.32 529.47 530.43 528.79 531.09 526.3 530.22 527.87 524.2
-9999 530.85 526.77 521.56 521.68 520.38 520.28 521.91 523.63 523.01 522.31 522.07 522.13 522.03 523.43 523.03 521.89 521.47 523.83 525.75 525.14 526.58 524.06 521.76 521.79 522.26 523.81 522.75 523.26 522.93 524.86 524.19 523.35 522.57 521.27 522.01 521.86 521.41 521.15 521.21 521.36 521.43 521.52 521.78 522.17 522.56 522.82 522.69 522.67 522.7 522.6 522.64 522.4 522.22 522.2 539.08 536.97 524.94 530.39 522.06 522.21 521.06 522.56 529.43 529 530.42 530.47 526.33 527.07 529.58 529.57 526.87
-9999 528.43 524.79 524.53 525.06 522.15 519.83 523.59 523.58 522.73 522.12 522.18 523 523.16 524.76 525 524.71 521.86 522.41 523.14 526.26 523.75 524.43 521.35 522.79 523.95 523.11 523.21 524.52 525.18 523.35 526.92 525.4 523.25 521.22 522.47 521.98 521.64 520.75 520.67 521.27 522.19 521.89 522.58 522.43 522.7 522.73 522.75 522.51 522.38 522.38 522.41 522.54 522.31 522.57 532.66 538.26 542.24 541.2 538.55 522.26 522.92 526.8 526.16 528.61 530.62 531.01 530.92 530.11 528.72 528.87 525.54
-9999 529.96 520.12 525.65 526.02 524.78 521.09 523.22 523.09 525.57 523.25 523.4 524.35 523.45 524.52 524.52 522.74 523.55 525.89 527.2 525.41 527.13 526.62 523.75 524.52 524.44 523.8 522.86 524.11 522.76 525.08 523.18 524.48 524.69 521.61 522.32 521.84 522.82 520.8 521.09 521.58 521.85 522.85 522.79 522.31 522.5 522.72 523.01 523.16 522.49 522.64 522.82 522.52 522.88 538.1 540.96 542.07 541.77 541.49 536.92 525.86 523.46 528.64 529.11 530.09 529.87 531.07 530.7 531.11 530.44 528.43 526.13
-9999 530.8 528.57 526.72 523.23 523.86 523.87 524.65 527.38 523.89 522.86 523.22 523.31 523.79 524.09 523.91 522.61 524.97 523.41 526.22 526.07 527.39 526.52 523.98 524.33 524.53 524.16 522.84 523.15 521.69 522.03 522.45 522.29 522.45 521.61 521.91 522.71 522.93 521.34 521.47 521.38 521.82 522.72 522.46 522.09 522.51 522.96 523.81 523.78 522.69 522.67 522.99 522.9 525.51 527.36 538.29 541 541.49 537.67 539.82 532.67 523.14 526.27 528.12 529.87 529.4 530.61 528.85 528.51 528.07 525.21 523.15
-9999 529.83 529.6 529.23 529.56 525 525.87 528.3 528.87 528.56 522.96 522.88 523.04 523.39 523.72 523.79 522.6 525.52 523.84 527.06 526.37 526.78 527.09 525.41 524.36 523.89 524.22 523.05 523 522.52 523.45 524.69 522.01 522.34 521.74 522.83 523.54 521.86 521.85 521.53 521.65 521.71 521.97 521.99 522.1 522.46 522.84 522.86 522.69 522.45 522.43 522.81 522.98 523.03 528.89 540.63 535.63 539.87 532.03 539.38 527.42 522.76 522.87 522.95 526.32 528.98 530.29 529.59 528.18 527.92 523.31 523.27
-9999 528.93 524.72 521.4 522.87 523.52 519.69 523.23 528.62 528.49 527.01 522.88 522.22 522.56 522.33 522.33 521.67 521.82 521.29 524.51 523.84 525.08 526.64 526.73 523.94 524.19 523.77 523.75 523.69 522.73 523.09 524.52 521.21 522.75 521.79 522.35 522.66 522.02 521.93 521.16 521.65 521.94 521.8 521.89 522.21 522.37 522.78 522.71 522.69 522.27 522.41 522.41 522.98 523.68 523.37 523.31 535.3 536.24 523.14 526.5 523.01 522.94 522.94 523.13 523.69 524.06 527.86 526.46 527.63 525.42 523.18 522.89
-9999 529.75 529.06 522.32 525.82 522.37 520.11 525.19 528.18 528.3 525.27 522.61 522.28 521.66 522.28 521.28 521.99 521.63 522.95 522.45 523.51 525.31 526.19 525.88 524.8 523.97 523.63 523.9 523.19 522.33 521.8 521.9 521.34 521.28 521.39 521.72 521.69 521.77 521.41 521.37 521.29 521.53 521.62 522.14 522.43 522.52 522.59 522.69 523.34 522.61 522.41 522.54 523.08 523.62 523.58 523.59 524.74 523.3 523.09 523.12 523 523.04 523.37 523.36 523.42 523.35 523.45 522.85 524.49 524.13 524.07 524.9
-9999 530.58 529.88 528.46 527.15 524.33 521.22 522.94 526.97 525.5 522.99 521.53 522.58 521.5 522.94 522.84 523.07 522.95 521.42 523.07 524.76 523.55 525.59 526.27 523.81 521.84 522.85 523.06 523.05 522.07 521.51 521.45 521.54 521.66 521.68 521.8 521.59 521.68 521.25 521.15 521.6 521.74 521.79 522.29 522.38 522.66 522.54 522.85 523.46 523.62 523.05 522.72 522.88 523.11 523.34 523.27 523.02 522.73 522.94 523.09 522.91 523.19 523.65 523.95 524.28 523.95 523.13 523.48 524.06 524.29 531.99 525.33
-9999 530.34 529.94 530.36 529.21 526.92 521.45 520 525.2 521.44 522.52 520.74 522.26 522.19 523.51 523.99 522.95 522.62 522.45 526.38 525.84 526.1 525.96 525.92 522.87 521.29 521.49 521.88 522.44 521.67 521.47 521.34 521.56 521.51 521.71 521.41 521.23 521.5 521.49 521.28 521.85 522.02 521.86 522.18 522.38 522.61 522.56 523.21 523.73 523.45 523.3 523.35 522.99 523.03 523.28 523.61 523.51 523.26 523.33 523.44 523.09 523.29 523.81 523.91 523.83 523.8 523.78 523.71 524.52 527.94 532.75 532.9
-9999 530.92 529.83 524.38 524.8 520.48 521.65 523.34 523.37 522.31 522.5 521.52 523.25 523.52 524.14 524.5 524.18 520.56 521.01 525.82 525.58 526.02 525.96 524.42 522.54 520.9 520.88 521.28 521.35 521.86 521.71 521.32 521.43 521.54 521.32 520.83 521.1 521.58 521.82 521.6 521.76 521.95 522.16 522.59 522.46 522.51 522.89 523.23 523.79 523.81 523.4 523.57 523.88 523.07 523.15 523.39 523.34 522.95 522.84 523.06 522.86 523.14 523.4 523.71 523.82 523.67 523.8 523.99 527.59 526.01 531.72 534.57
-9999 530.93 530.62 529.81 522.74 520.43 521.92 521.36 523.13 520.09 523 523.42 524.09 523.81 523.79 524.11 522.22 520.67 523.24 524.71 525.74 525.94 526.08 526.1 523.76 521.73 522.71 522.59 521.61 523.45 522.1 521.33 521.38 521.91 521.33 521.18 521.34 521.76 521.91 521.76 521.84 522.2 522.64 522.77 522.62 522.45 522.72 522.97 523.33 523.35 523.33 523.98 524.14 522.74 522.72 522.85 523.02 522.69 522.42 522.37 522.48 522.58 522.57 524.65 524.5 524.01 523.87 523.71 531.63 532.23 531.68 533.61
-9999 530.66 530.33 527.53 522.19 522.12 523.29 523.12 523.11 524.77 525.27 525.01 524.4 523.77 523.43 523.75 521.54 519.88 521.5 523.24 524.68 524.85 526.09 524.32 524.31 523.31 522.94 523.81 523.35 524.53 522.93 524.05 522.28 521.75 521.33 521.11 521.46 521.75 521.84 521.85 522.98 522.76 522.79 522.86 522.48 521.7 522.25 522.71 523.12 523.65 525.1 524.26 523.46 523.24 523.13 523.18 522.68 522.11 522.1 521.96 521.79 521.93 522.26 524.02 524.59 524.37 524.33 523.6 523.37 532.46 534.08 535.43
-9999 534.22 530.91 521.64 525.76 522.18 521.6 523.65 523.39 523.97 523.96 524.75 524.2 523.05 521.77 521.98 520.98 519.98 520.71 521.06 520.44 520.44 523 523.38 524.21 523.57 524.01 524.93 525.02 524.58 524.78 524.68 523.64 522.13 522.52 523.43 522.93 524.46 524.42 522.72 522.5 523.61 523.31 522.55 521.63 521.4 521.75 523.79 523.01 524.5 524.7 523.95 523.02 522.55 523.72 522.44 521.93 521.46 521.45 521.56 521.48 522.16 522.17 523.38 523.58 524.31 524.12 523.43 525.18 530.98 532.88 533.07
