tests/GridSurface/491_926.asc
ncols 106
nrows 352
xllcorner 491894
yllcorner 926648
cellsize 1
nodata_value -9999
[rows 192 to 223 of 352, columns 0 to 71 of 106]
-9999 532.56 532.38 532.25 532.28 532.38 532.31 532.11 532.07 532.21 532.14 532.15 532.41 532.65 533.21 533.67 533.97 533.94 533.46 533.07 533.04 533.11 533.24 534.35 533.79 534.66 534.54 533.89 535.43 534.98 535.39 535.71 535.84 538.59 547.76 543.22 547.54 547.82 536.38 535.39 535.22 535.38 535.83 534.83 535.89 535.9 535.75 535.53 534.78 535.49 535.36 535.25 535.29 535.41 535.26 535.27 535.71 535.63 534.86 535.19 535.25 535.43 535.66 535.16 535.4 535.74 535.12 535 534.93 534.8 534.53 534.25
-9999 532.3 532.13 532.06 532.02 531.84 531.71 531.65 531.64 531.67 531.87 532.23 532.68 533.06 533.35 533.63 533.02 532.66 532.52 532.95 532.79 533.19 533.09 533.18 533.24 533.41 532.9 535.33 535.24 535.52 534.95 534.45 534.84 535.04 538.73 536.57 534.73 534.8 535.17 535.08 534.42 535.81 535.87 535.97 535.66 536.01 535.72 535.62 535.47 533.89 535.12 535.27 534.88 535.43 534.96 535.08 535.32 535.19 534.72 534.85 535.2 535.28 535.21 534.53 533.96 535.14 534.86 534.77 534.76 534.53 534.96 534.48
-9999 531.79 531.84 531.56 531.52 531.58 531.44 531.47 531.51 531.76 531.46 531.69 532.06 533.07 532.62 533.13 532.58 532.32 532.54 533.45 533.1 533.27 533.05 532.64 532.75 532.74 532.7 535.11 533.1 535.05 534.54 534.9 535.65 535.92 540.37 534.67 535.15 535.39 534.74 534.96 534.45 533.97 535.81 535.92 535.86 535.32 535.76 535.59 535.67 535.24 535.26 535.21 535.29 535.19 535.5 535.07 534.97 534.76 534.05 534.34 534.89 535.09 534.82 534.34 534.26 535.46 534.05 533.99 534.67 534.64 534.95 534.7
-9999 531.52 531.83 531.68 531.35 531.57 531.57 531.3 531.34 531.42 531.46 531.4 533.55 531.9 532.58 533.23 532.32 532.38 532.61 532.95 532.88 532.96 532.69 532.55 532.67 532.76 532.7 534.01 533.1 535.07 535.02 534.62 535.16 535.34 534.4 534.67 535.04 535.14 535.09 535.02 534.42 534.08 534.96 535.46 535.48 535 535.75 535.57 535.24 534.95 535.52 535.27 534.46 534.91 534.78 533.73 535.46 534.97 535.23 535.19 535.12 535.21 535.19 534.1 534.61 535.57 534.88 534.14 534.81 535.24 534.91 535.44
-9999 531.87 531.79 531.99 531.73 531.91 532.18 531.31 531.03 531.11 532.95 531.43 531.38 531.95 534.36 533.97 532.44 532.18 532.52 532.54 532.85 532.91 532.52 532.44 532.87 532.93 532.74 532.57 532.81 534.5 535.25 535.05 534.69 534.87 534.3 534.27 534.48 534.69 535.18 534.95 534.73 534.4 535.21 535.21 535.1 535.03 535.26 534.86 534.97 534.81 534.82 534.54 534.59 534.51 534.53 534.24 534.96 535.2 535.62 535.31 534.98 535.17 534.87 534.06 533.99 534.08 534.57 534 535.15 534.52 534.47 535.01
-9999 531.66 531.71 531.9 531.32 531.81 532.1 531.88 531.19 530.88 534.22 532.71 531.98 532.78 534.29 534.33 532.62 532.24 532.51 532.62 532.9 532.83 533.23 533.12 533.9 533.6 533.31 533.65 534.53 534.35 535.15 535.02 535.5 535.15 534.25 534.01 534.12 534.46 534.74 534.71 534.35 534.53 534.77 534.71 534.3 534.05 533.98 534.37 534.7 534.98 534.75 534.67 534.69 534.6 534.45 533.54 535.62 535.47 535.45 535.24 535.12 535.26 534.59 533.58 534.47 535.08 535.17 534.75 535.31 534.68 534.53 534.94
-9999 531.23 531.68 531.77 531.58 531.65 532.14 531.6 531.79 532.52 533.34 533.86 532.16 532.66 534.16 533.49 532.9 533 532.64 532.86 533.45 533.54 534.37 533.32 532.54 532.2 533.29 533.5 533.3 533.69 535.34 534.19 534.02 533.9 533.22 534.19 534.57 534.73 534.38 534.53 534.79 534.95 534.87 534.74 534.43 534.23 534.56 534.51 534.97 535.22 534.5 534.3 534.69 535.24 534.81 534.74 535.19 536 535.49 534.94 535.06 534.84 534.88 535.33 534.53 534.34 534.5 534.84 535.27 534.94 534.95 534.99
-9999 531.2 531.13 531.43 531.71 531.89 531.92 532.06 532.33 532.71 531.27 532.83 533.31 533.34 533.97 533.97 532.46 533.75 533.63 533.58 534.09 534.08 533.05 533.51 532.27 533.28 532.57 532.56 532.54 533.88 533.44 533.63 533.18 533.7 534.67 534.23 534.24 534.78 534.64 534.69 534.82 534.8 534.6 534.63 534.63 534.56 534.75 534.43 534.52 534.7 534.78 533.88 535.32 535.24 534.61 535.2 536.24 535.89 533.94 535.11 534.06 535.09 534.9 534.34 534.61 534.29 534.67 534.93 534.92 535.28 535.28 534.88
-9999 531.19 531.44 531.04 531.29 531.62 531.15 532.47 532.34 532.53 532.76 533.22 533.39 532.88 533.45 532.03 532.89 533.72 533.94 534.4 533.93 533.49 533.25 534.04 533.14 532.92 532.51 532.57 533.19 534.36 533.11 534.59 534.01 533.71 533.69 533.72 534.18 534.35 534.64 534.77 534.6 534.61 535.03 535.11 534.72 534.6 534.17 534.63 534.67 534.72 534.84 534.67 534.76 534.67 534.27 535.12 535.98 534.71 536.14 535.12 533.28 534.96 534.42 534.05 533.61 534.07 534.65 535.19 534.76 535.15 534.99 535.16
-9999 529.93 530.75 530.76 531.29 531.26 529.91 531.78 532.08 532.37 532.44 532.81 532.36 532.72 533.27 533.41 533.22 532.54 533.88 534.32 533.55 533.02 533.27 533.11 533.05 533.17 532.98 532.62 534.04 534.14 534.07 534.67 534.63 534.11 533.68 534.52 534.47 534.42 534.43 534.44 534.28 534.02 534.01 534.89 534.49 534.53 533.85 534.43 534.65 534.85 534.89 534.51 534.33 534.33 534.21 534.24 535.26 535.78 535.73 535.2 533.8 533.71 534.74 534.36 533.2 535.09 534.24 535.09 535.11 534.88 534.48 534.19
-9999 530.43 530.14 529.56 530.91 530.4 529.92 531.69 532.03 532.09 532.53 532.49 532.63 532.31 532.81 533.02 532.56 532.75 531.78 533.93 533.62 532.26 532.63 532.22 532.52 532.42 534.31 532.91 534.47 534.04 534.74 534.74 533.78 533.5 534.53 534.31 534.33 534.29 534.21 533.68 534.39 534.31 534.29 534.42 534.57 534.61 534.44 534.42 534.54 534.74 534.61 534.27 534.18 533.59 533.82 534.32 534.73 534.76 535.33 534.82 534.31 534.22 534.51 534.85 534.01 535.15 534.73 534.61 534.97 534.76 534.54 533.86
-9999 530.41 530.61 530.94 530.51 530.32 530.17 530.81 530.75 530.82 531.93 532.15 532.06 532.54 532.49 532.04 531.37 532.33 532.87 533.39 533.9 533.89 532.17 531.9 531.94 532.33 534.06 533.29 533.49 533.36 533.46 532.24 533.16 532.86 533.8 533.41 533.86 534.43 534.28 534.23 534.14 534.05 533.94 534.08 534.76 534.44 534.09 534.45 534.5 534.51 535.05 534.14 534.49 535.83 535.28 535.17 534.87 534.68 534.75 533.6 534.3 533.91 533.91 534.58 533.62 534.31 533.95 534.09 535.41 535.78 535.66 535.17
-9999 530.17 531.09 530.76 530.67 530.82 530.46 530.05 530.28 530.32 530.52 531.9 531.78 531.11 531.5 532.08 531.31 531.66 532.66 533.15 533.22 532.58 532.7 532.81 531.14 532.19 532.87 532.19 533.05 533.15 532.09 533.37 533.69 533.18 533.03 533.08 533.27 534.81 534.64 534.49 534.4 534.77 532.91 534.1 534.68 534.41 534.22 534.47 534.47 534.2 534.43 534.23 534.77 535.7 535.3 535.23 535.07 534.71 534.62 534.15 534.5 534.5 534.42 534.25 534.23 534.99 534.03 534.52 535.22 535.27 535.74 535.94
-9999 529.86 531.55 531.53 530.9 530.69 530.66 529.97 530.18 530.32 531.74 531.03 531.23 530.96 530.9 531.99 531.6 531.76 532.09 532.89 532.31 533.26 533.71 533 531.17 532.86 533.45 533.82 532.69 532.3 532.22 532.22 532.78 534.7 534.44 534.43 534.42 534.71 534.65 534.45 533.57 534.53 534.45 533.67 534.06 534.61 534.63 534.64 534.17 534.18 534.12 533.53 534.4 534.9 534.78 535.4 535.19 534.81 534.1 534.16 533.83 534.09 533.66 534.05 534.35 533.91 535.12 534.57 534.82 534.79 535.46 535.53
-9999 530.51 529.14 529.47 530.83 530.75 530.44 530.28 530.84 529.7 531.17 531.3 531.16 531.09 531.58 531.7 531.64 531.8 531.65 531.94 531.67 532.68 532.24 531.36 531.46 533.35 532.36 533.63 532.64 532.06 532.19 532.18 532.11 534.43 533.39 533.4 532.82 534.35 534.33 534.33 533.45 533.82 533.94 533.38 533.47 534.04 534.53 534.63 534.39 534.29 534.1 533.3 533.84 533.38 534.39 534.71 534.64 534.36 534.19 533.32 534.14 534.39 532.92 533.94 534.65 534.07 533.03 533.77 534.45 534.74 535.13 535.13
-9999 530.86 530.17 531.02 530.45 530.56 530.62 530.3 529.88 530.97 531.11 531.06 531.21 530.6 531.27 531.26 531.39 531.36 531.39 531.83 530.73 531.76 532.69 531.63 531.51 532.6 532.06 531.96 532.83 531.37 531.7 531.81 537.48 536.68 533.31 532.35 534.02 533.14 533.89 533.34 533.87 534.02 534.33 534.28 534.43 534.07 534.15 534.57 534.21 534.31 533.99 533.99 533.79 534.47 534.26 534.63 534.31 534.46 534.41 533.68 532.7 534.14 532.69 532.64 536.99 534.02 534.02 534.7 534.27 534.45 534.1 534.58
-9999 530.69 531.03 530.63 530.1 530.39 529.95 529.99 530.39 530.61 531.04 530.87 530.52 530.89 531.18 531.06 531.34 531.24 531.6 531.54 531.88 531.9 532.56 532.53 532.23 531.96 531.71 531.74 531.75 531.41 531.44 532.57 535.5 532.19 532.2 532.83 533.88 532.79 533.19 533.17 533.7 533.48 533.68 533.59 533.88 533.58 532.88 533.97 534.49 533.74 534.06 534.1 533.99 533.81 533.47 534.36 533.34 532.81 533.73 532.69 532.62 535.41 533.41 534.99 538.74 533.28 534.89 533.23 533.93 533.86 533.91 534.21
-9999 530.55 530.73 530.42 530 529.68 530.07 529.99 530.16 530.33 530.76 530.49 531.08 530.91 531.17 530.28 530.45 531.15 531.46 531.11 531.59 532.08 531.7 532.12 532.02 531.69 531.65 531.6 531.81 531.62 531.56 531.65 531.89 531.56 533.18 532.57 532.57 532.69 533.91 534.01 534.01 533.41 532.91 532.59 532.94 533.38 533.58 533.79 534.03 533.99 534.1 534.4 533.97 533.99 534.06 533.7 533.11 533 536.77 535.04 534 540.85 540.41 540.53 536.79 534.03 533.86 534.2 534.32 533.87 533.85 533.84
-9999 530.35 530.26 529.99 529.87 529.87 529.56 529.76 530.05 530.06 530.49 530.11 530.83 531.28 531.14 530.33 530.75 530.84 531.09 530.91 530.97 531.76 531.81 531.95 531.81 531.58 531.72 532.18 532.35 532.64 531.94 531.66 531.72 531.77 531.76 531.94 533.31 532.8 534.65 534.36 533.86 533.12 532.65 533.36 533.4 533.45 533.47 533.23 533.44 533.98 533.3 532.89 533.7 533.65 533.78 532.71 533.58 532.54 532.53 536.53 541.03 541.71 542.34 541.17 538.16 538.2 538.94 533.82 534.19 533.88 533.96 534.08
-9999 530 529.86 529.83 529.61 529.87 529.55 529.59 529.8 529.89 530.26 530.33 530.43 530.66 530.86 530.91 530.96 530.06 530.65 531.28 531.13 531.58 531.66 532.05 531.66 531.71 531.25 531.6 533.01 533.25 531.75 531.85 531.97 532 531.99 532.08 532.92 534.02 534.21 533.35 534.11 533.18 533.45 533.66 533.37 533.06 533.24 532.95 533.3 533.5 533.59 533.66 533.29 533.62 533.2 533.18 532.93 533.68 533.72 538.13 536.75 541.59 541.59 541.82 541.38 534.36 533.81 533.65 534.11 534.3 534.11 533.92
-9999 529.66 529.64 529.37 529.28 529.49 529.34 529.62 529.04 529.39 529.9 530.23 530.22 530.58 530.47 530.68 530.64 530.26 530.86 530.77 530.65 531.33 531.22 531.5 531.49 531.25 530.7 530.38 531.22 532.84 533.75 532.47 531.84 531.52 532.43 532.53 532.29 531.96 533.53 532.25 532.8 533.76 533.82 533.26 533.74 532.9 533.16 533.34 532.8 532.61 532.87 532.74 532.7 533.53 532.54 532.3 532.71 533.61 532.32 536.83 538.23 541.41 541.76 541.97 540.31 535.53 532.3 533.92 534.37 534.28 533.56 534.02
-9999 529.17 529.44 529.45 529.33 529.16 529.3 529.22 529.49 529.71 529.51 530.07 530.03 530.41 530.09 530.26 530.29 530.56 530.7 530.55 530.82 530.75 530.6 531.45 531.55 531.75 531.44 530.87 530.82 533.54 532.2 532.04 532.09 532.26 533.05 532.74 532.64 533.02 534.19 533.82 533.99 533.42 533.17 533.05 532.99 533.38 532.88 532.89 532.69 532.08 532.05 533.02 533.53 533.54 532.27 532.7 532.26 533.54 533.86 533.23 533.02 540.67 540.32 537.16 532.67 537.22 532.28 533.28 534.51 533.39 533.21 533.08
-9999 529.11 529.13 529.39 529.38 529.28 529.32 528.49 528.37 529.16 529.72 529.36 529.81 530.01 530.05 530.19 530.32 530.61 530.91 530.95 531.03 530.8 530.97 531.13 531.53 531.69 531.59 531.47 532.4 532.37 532.2 532.55 532.64 532.8 533.9 533.16 533.58 534.42 534.78 534.22 533.9 534.16 534.36 533.54 532.99 532.6 531.78 532.59 532.74 532.98 533.01 533.66 534.23 533.51 533.04 533.19 532.93 532.69 532.26 532.37 534.32 535.69 537.81 534.14 533.58 532.82 532.43 532.98 533.9 533.94 533 533.29
-9999 528.15 528.03 529.25 529.51 529.48 529.26 529.1 529.04 528.8 530.25 530 529.73 529.62 530.3 529.8 529.98 530.21 530.69 530.42 531.19 531.19 530.85 531.14 531.22 530.78 531.76 532.23 532.27 532.13 532.74 532.66 532.59 532.34 533.81 534.46 534.46 534.31 534.1 533.07 532.86 534.53 533.96 532.4 533.76 532.68 532.49 532.03 532.14 532.57 533.06 533.01 532.05 532.95 532.69 532.38 532.48 533.67 533.82 532.67 532.23 532.03 536.28 533.12 534.3 533.55 532.92 532.54 532.8 533.12 533.24 533.19
-9999 527.83 528.05 528.73 529.3 529.51 529.57 528.9 528.58 529.02 529.79 529.44 529.7 529.83 529.59 529.94 530.23 530.22 530.39 530.83 531.09 530.95 531.07 531.34 531.55 530.52 530.19 531.54 532.14 531.91 531.96 532.68 533.25 533.83 533.06 533.75 534.31 534.38 533.89 533.2 531.99 531.86 532.56 532.34 531.65 532.8 532.78 532.04 532.79 533.18 532.95 532.74 533.25 533.26 533.03 532.62 532.04 533.33 533.42 532.45 532.73 533.23 533.32 533.56 533.94 533.58 533.67 533.43 532.79 533.2 532.54 532.44
-9999 528.24 528.59 528.64 529.16 529.24 529.04 529.09 529.17 529.35 528.25 529.57 529.78 530.16 530.14 530.31 530.18 530.11 530.38 530.17 530.47 531.07 531.36 531.62 531.93 531.25 530.77 530.57 531.63 531.96 531.12 531.76 532.56 532.37 533.04 532.63 531.22 533.98 533.64 533.13 532.63 532.43 532.5 532.69 532.67 532.59 532.62 532.52 532.56 531.97 533.39 532.8 533.08 533.19 533.58 533.09 531.71 533.66 533.97 534.12 533.88 533.96 532.83 532.59 532.67 533.39 533.16 533.06 532.42 532.47 532.21 532.25
-9999 528.89 529.03 528.66 529.09 529.01 527.35 529.08 529.42 530.59 530.21 529.96 528.73 529.75 529.99 530.13 530.21 530.12 529.98 530.42 530.88 531.15 531 531.02 531.08 530.96 531.32 531.64 531.31 531.08 531.91 530.84 531.88 532.76 532.54 531.77 532.58 533.49 532.73 532.77 532.66 532.27 532.44 532.25 532.68 532.52 532.26 532.69 532.76 532.91 533.48 532.62 532.79 532.74 533 531.95 531.94 532.29 533.7 533.94 534.16 534 533.01 532.45 533.29 533.29 533.45 533.3 532.91 532.41 532.06 531.92
-9999 528.97 528.71 528.96 528.8 529.02 529.09 528.29 530.01 529.94 530.53 529.67 529.63 529.89 529.94 530.09 530.14 529.97 529.3 529.76 530.68 530.49 531.29 530.89 531.51 531.75 530.25 529.91 531.77 530.7 531.56 531.54 531.84 532.01 532.11 530.79 531.88 532.22 532.72 532.92 532.97 532.31 532.7 532.59 532.3 532.68 532.33 532.74 532.73 532.52 533.11 533.43 533 532.66 532.93 533 532.56 532.99 533.8 533.91 533.82 533.41 533.14 533.62 532.76 532.77 533.04 532.73 533.72 532.59 532.07 531.64
-9999 527.69 527.96 529.03 529 529.1 528.48 528.5 529.78 529.81 528.44 528.91 529.64 529.59 529.68 530.01 530.05 530.1 530.03 529.91 530.16 530.74 530.98 530.16 531.85 531.61 531.93 529.69 529.82 531.55 531.14 532.02 531.87 532.06 532.37 531.53 531.63 531.57 531.57 531.26 532.48 532.55 532.16 531.99 531.79 532.08 533.23 533.32 532.95 532.66 533.15 533.31 532.88 532.6 532.22 532.51 532.28 532.38 533.21 533.07 533.43 533.42 532.93 532.12 532.82 532.81 532.82 531.93 532.6 531.95 531.61 531.57
-9999 528.45 527.35 527.94 529.05 528.39 528.8 529.19 528.31 529.55 527.93 529.91 529.69 529.74 529.64 529.7 529.85 530.22 530.19 529.88 530.23 530.36 530.09 530.28 531.48 531.49 531.15 529.33 529.45 531.87 530.54 532.07 531.88 531.41 530.92 531.5 530.62 531.16 531.58 531.63 531.87 531.53 531.69 531.47 532.1 531.56 533.33 532.87 533.47 533.35 532.98 532.54 532.49 532.64 532.18 532.95 533.48 533.83 531.88 531.84 532.85 533.64 532.76 532.58 532.85 532.22 531.55 532.59 532.96 531.97 531.89 532.44
-9999 527.4 527.57 527.53 528.65 528.46 527.82 528.61 528.78 528.97 529 529.08 529.98 529.59 529.44 529.6 529.71 529.9 530.22 530.16 530.04 530.22 530.29 530.23 530.62 530.15 529.43 530.24 531.87 531.21 530.8 531.45 531.01 531.23 531.16 531.95 531.58 531.39 531.28 531.34 530.89 531.1 531.72 531.62 532.52 532.57 532.5 532.81 533.14 532.91 532.59 532.38 532.49 532.67 532.45 533.88 533.13 532.28 532.91 532.55 533 532.85 531.58 531.88 533.07 532.65 532.37 532.11 532.01 532.28 532.17 531.79
-9999 527.11 527.98 527.69 527.8 528.55 528.57 528.48 528.5 528.65 528.72 528.85 528.99 529.5 529.45 529.72 529.66 529.71 529.96 529.45 529.9 529.84 529.91 529.92 530.62 531.26 530.87 531.28 531.74 530.03 529.83 530.82 530.39 530.39 530.59 530.53 530.56 532.1 532.11 531.23 531.79 532.18 532.37 532.02 532.31 533.12 531.1 532.74 533.38 532.76 532.31 532.46 532.99 533.31 533.5 533.68 533.03 533.86 533.65 532.86 533.31 532.24 532.36 532.09 532.88 532.07 532.35 532.02 532.61 532.14 531.98 532.01
