tests/GridSurface/491_927.asc
ncols 112
nrows 1000
xllcorner 491888
yllcorner 927000
cellsize 1
nodata_value -9999
[rows 768 to 799 of 1000, columns 0 to 71 of 112]
-9999 -9999 -9999 -9999 522 521.76 523.83 525.62 525.04 524.81 523.69 522.59 524.25 524.36 526.33 524.88 522.39 525.58 526.01 525.12 525.24 525.09 523.35 526.58 525.43 522.45 522.57 522.59 522.82 522.35 522.46 522.32 525.84 522.54 522.39 522 522.19 522.22 522.24 523.28 526.2 525.82 526.78 526.16 526 527.26 524.44 523.65 523.66 524.2 524.56 523.83 524.41 524.41 524.33 523.57 523.52 523.39 522.76 523.1 522.78 523.26 523.19 523.44 523.57 523.83 524.33 524.98 525.93 524.77 523.84 525.72
-9999 -9999 -9999 -9999 521.35 524.28 523.5 523.13 524.22 524.31 523.15 523.26 522.89 523.6 523.38 522.62 525.61 524.07 522.26 524.79 524.16 526.61 524.07 523.13 525.2 526.23 522.81 525.22 523.2 522.94 522.75 524.23 523.03 522.65 522.99 522.06 522.05 522.02 522.31 522.44 524.64 524.95 525.59 525.85 525.46 526.79 527.16 528.2 523.22 523.08 523.67 523.89 524.57 524.64 524.65 524.12 523.31 522.68 522.6 522.66 522.61 522.79 523.09 523.23 523.87 524.39 524.94 527.03 526.45 524.36 524.81 525.28
-9999 -9999 -9999 -9999 522.1 524.01 525.62 525.22 522.43 523.17 523.63 523.76 523.34 522.51 522.67 522.89 522.98 522.03 522.64 522.29 522.07 524.04 525.91 524.06 523.78 523.39 523.77 524.24 523.36 522.98 522.82 527.01 523.02 526.75 522.4 522.06 522.26 522 524.67 526.3 525.92 524.58 523.58 524.46 524.58 524.12 526.46 524.98 528.08 527.17 522.84 523.44 524.1 524.73 524.86 524.09 523.26 522.48 522.75 522.69 522.73 522.69 522.43 522.95 523.45 524.58 525.03 525.44 526.7 525.73 524.69 525.09
-9999 -9999 -9999 -9999 523.67 524.54 524.77 524.12 523.46 522.49 522.8 522.96 522.11 521.83 521.97 521.86 522.04 522.15 525.11 523.45 522.63 524.29 526.23 527.07 526.67 526.41 524.67 523.75 524.24 523.19 522.98 523.34 522.62 522.46 522.96 522.92 523.98 524.13 525.94 524.45 526.13 525.86 524.54 524.08 525.03 524.68 524.76 524.95 527.3 524.07 524.83 524.11 523.74 525.17 524.26 523.45 523.07 523.21 523.27 523.17 523.15 522.83 523.97 523.89 523.28 526.73 526.52 524.65 524.64 525.01 524.11 523.89
-9999 -9999 -9999 -9999 523.91 523.24 524 522.85 522.32 522.4 522.42 522.41 521.94 522.19 522.37 522.37 522.01 522.02 524.6 525.38 523.01 524.15 524.58 526.75 523.03 526.46 524.66 524.15 522.98 522.55 523.11 523.32 523.96 522.67 524.6 524.1 526.86 526.29 525.46 526.07 526.67 524.98 524.18 524 524.23 524.33 525.72 524.44 524.25 523.11 524.47 525.07 524.93 524.72 524.29 523.08 522.63 523.21 523.72 523.68 523.56 523.17 523.64 522.22 526.45 526.46 525.45 524.56 524.69 525.07 524.07 523.22
-9999 -9999 -9999 -9999 522.97 525.16 525.36 524.72 522.24 522.43 522.27 522.41 522.08 522.23 522.35 522.48 522.36 522.18 522.94 524.59 523.13 523.21 523.15 522.92 522.93 523.32 523.9 524.15 523.23 523.24 526.05 525.27 525.2 525.11 524.16 526.54 526.4 523.71 525.66 525.82 526.89 527.68 522.95 523.35 523.08 523.7 523.43 526.11 524.35 523.04 523.24 522.81 522.81 525.62 523.56 523.32 523.82 523.43 524.02 524.84 524.94 523.76 523.89 523.99 526.45 525.17 524.4 523.75 524.87 524.15 523.9 523.77
-9999 -9999 -9999 -9999 524.19 524.36 525.74 522.59 522.36 522.59 522.44 523.7 523.17 524.42 522.75 522.53 522.19 522.75 525.27 523.01 523.12 523.96 524.85 523.03 522.76 523.08 524.5 522.2 522.93 524.39 522.94 524.26 525.38 525.81 524.49 524.49 525.97 526.15 526.16 526.23 527.11 527.33 524.14 523.46 523.74 523.71 523.26 523.05 523.99 523.21 523.7 524.38 523.45 524.04 526.5 524.03 524.93 523.72 523.54 524.05 523.9 524.04 525.22 525.18 525.65 526.67 524.36 523.71 524.48 523.59 522.9 523.46
-9999 -9999 -9999 -9999 522.69 523.84 523.87 524.44 523.2 526.36 523.71 523.07 525.18 526.53 523.81 522.54 521.93 522.64 526.68 524.49 524.27 526.3 524.62 523.6 523.42 523.09 526.43 524.47 524.34 522.62 523.15 523.62 523.9 525.37 526.35 523.56 524.13 525.11 526.38 527.27 527.84 526.63 523.55 524.22 524.72 526.53 523.68 525.28 523.33 523.41 523.66 524.01 523.73 524.55 526.12 524.3 524.71 523.92 523.67 523.62 523.71 524.55 525.38 526.04 526.36 527 526.07 523.98 522.87 523.87 522.54 522.95
-9999 -9999 -9999 -9999 523.46 525.31 524.32 523.04 526.58 526.07 524.66 525.47 523.44 525.1 523.42 522.69 522.19 522.29 525.18 523.8 524.72 526.4 523.74 524.55 524.5 524.2 526.28 525.5 524.63 523.69 524.12 524.02 524.08 525.22 524.87 523.97 523.37 523.26 523.51 523.96 523.11 523.17 523.39 524.48 524.37 524.8 524.42 523.06 523.34 523.58 523.48 523.27 522.94 523.76 525.14 523.8 524.6 524.54 523.8 523.69 523.95 524.13 525.83 526.52 526.4 525.94 525.46 525.1 523.2 523.35 523.65 523.31
-9999 -9999 -9999 -9999 524.53 524.23 523.54 523.02 525.32 526.02 523.88 523.44 525.84 524.79 522.6 522.65 522.89 524.01 522.23 523.78 523.23 525.93 526.64 525.46 525.6 525.46 524.93 524.64 524.11 524.93 524.7 524.43 524.4 526.93 524.88 523.97 523.58 523.37 523.63 523.38 523.2 523.54 523.67 523.45 523.38 523.24 523.96 523.02 523.25 523.64 523.56 523.35 523.4 523.61 524.33 524.19 524.49 524.32 523.69 523.51 523.88 524.58 525.16 526.19 525.8 525.95 525.39 523.28 523.31 523.5 523.37 523.52
-9999 -9999 -9999 -9999 525.63 525.44 523.46 522.6 523.26 523.79 525.69 524 524.93 526.82 523.5 523.37 526.12 526.96 526.55 526.38 527.26 526.61 526.54 524.96 524.61 524.89 526.13 524.92 527.78 525.08 524.74 524.38 524.07 526.61 524.9 524.93 526.21 523.6 523.7 523.61 523.87 524.01 523.66 523.48 523.4 523.51 523.16 523.5 523.81 523.87 525.02 523.66 523.58 524.37 524.83 524.23 524.12 523.85 523.3 523.62 524.12 524.81 526.75 525.52 525.58 525.42 525.01 523.58 523.27 523.22 523.52 523.7
-9999 -9999 -9999 -9999 523.14 526.88 526.07 523.7 526.14 524.59 525.32 525.25 524.9 522.96 523.18 524.01 526.26 527.14 527.55 526.49 526.32 524.81 524.18 524.98 524.76 524.55 524.5 525.77 525.11 524.46 524.67 524.49 523.79 523.95 523.91 524.05 524.51 523.65 523.33 523.98 524.15 523.89 523.41 523.87 524.08 525.35 524.92 523.96 524.3 526.81 527.37 524.46 523.5 523.92 524.9 523.5 524.6 523.98 526.39 524.97 525.44 526.04 526.18 524.54 525.13 524.63 523.47 523.17 523.25 523.79 524.05 524.1
-9999 -9999 -9999 -9999 527.33 525.12 524.21 525.07 523.75 523.17 523.55 525.03 527.4 525.11 523.66 523.52 525.86 526.34 526.79 526.05 525.05 526.2 526.08 525.43 524.85 524.63 524.11 526.19 525.03 526.34 524.68 524.32 524.75 528.47 524.39 524.52 524.27 523.79 524.72 524.22 524.24 523.82 523.58 523.57 523.38 525.15 524.87 524.35 525.28 526.61 526.63 526.33 524.27 522.91 524.47 524.61 526.42 527.85 528.52 524.34 526.71 528.12 528.15 525.11 525.08 525.18 525.17 526.05 524.83 524.72 524.75 524.68
-9999 -9999 -9999 -9999 527.57 525.85 526.81 526.71 523.41 523.42 524.25 525.34 527 524.7 523.77 523.96 524.96 525.76 524.32 524.91 524.45 526.04 527.72 525.14 524.29 524.52 524.87 524.82 524.83 526 526.75 524.87 526.01 526.75 524.52 524.01 526.12 524.93 524.94 524.4 524.31 523.93 523.5 523.8 524.06 523.87 523.76 523.54 524.12 525.26 525.59 525.06 524.15 523.31 524.7 526.68 528.07 527.84 527.55 526.99 527.52 527.32 528.13 526.64 525.05 526.01 526.3 526.51 526.29 525.46 524.98 524.99
-9999 -9999 -9999 -9999 524.64 524.75 525.36 526.04 523.31 523.81 524.12 525.04 524.37 526.34 527.25 524.78 525.48 525.72 524.17 524.44 524.27 524.91 526.49 525.74 526.8 523.95 524.11 524.37 524.35 524.22 524.52 524.72 525.12 527.72 524.5 524.62 526.39 526.39 525.22 524.67 524.11 524.02 523.92 524.04 524.07 524.08 522.76 523.12 523.63 524.26 524.81 524.77 524.36 522.54 525.11 527.14 528.01 528.36 527.66 525.13 526.8 528.66 528.72 527.33 524.75 526.34 526.53 527.19 526.16 524.1 524.78 526.38
-9999 -9999 -9999 -9999 525.13 525.89 527.82 524.03 523.28 523.48 523.51 523.89 523.68 526.5 526.25 524.34 523.83 523.85 523.68 524.68 524.63 525.01 525.33 524.8 524.6 524.6 524.68 524.02 524.41 524.56 524.71 525.05 525.51 525.64 526.04 527.13 526.29 526.64 526.76 525.62 526.19 524.15 523.96 523.9 524.18 523.99 524.07 524.09 524.52 524.01 524.12 523.96 523.53 522.71 524.24 527.19 528.07 527.97 526.37 526.75 527.98 527.84 528.48 524.3 525.61 524.83 527.05 527.42 527.03 524.32 524.71 524.71
-9999 -9999 -9999 -9999 526.36 529.64 527.36 526.45 526.38 523.57 524 524.22 523.74 524.08 524.17 523.83 524.24 525.85 524.06 524.87 525.02 527.89 527.9 524.89 525.29 524.69 524.52 523.55 524.23 524.75 524.74 525.18 525.16 524.93 526.31 526.1 526.95 526.73 527.52 526.21 525.04 526.82 524.6 524.49 524.3 524.15 524.14 524.31 524.54 524.45 524.22 523.78 524.28 524.45 526.26 526.48 527.67 528.3 525.8 528.21 526.3 526.96 528.29 527.87 523.78 526.83 527.11 526.18 526.73 525.63 524.59 524.61
-9999 -9999 -9999 -9999 525.65 528.85 525.53 523.79 524.02 523.83 524.01 524.18 523.94 524 523.53 523.91 524.16 524.57 525.06 524.96 525.08 527.14 524.7 524.71 524.85 524.44 523.93 523.81 524.71 526.78 525.14 525.39 525.47 525.35 526.4 526.51 527.31 527.88 528.23 527.07 526.38 525.76 524.69 524.61 524.5 524.25 524.2 524.45 524.73 524.93 525.11 524.52 525.52 526.53 526.3 526.71 527.52 528.51 528.16 528.03 526.71 527.81 527.99 528.02 526.92 524.25 524.6 524.54 524.94 525.73 524.91 525.64
-9999 -9999 -9999 -9999 524.98 527.78 525.54 524.12 524.07 524.51 524.66 525.33 524.64 526.35 524.31 523.82 524.21 525.05 524.92 526.58 526.95 525.94 525.92 525.68 526.54 524.05 524.74 524.2 525.25 525.22 527.38 525.77 526.31 525.74 527.32 526.53 527.87 527.95 527.74 526.04 525.59 525.56 524.96 524.91 524.34 524.27 524.25 524.82 526.01 525.74 526.46 526.46 523.71 526.04 526.39 526.79 527.24 527.11 527.14 527.47 527.07 527.37 527.55 527.62 526.38 526.86 526.7 524.33 526.32 526.99 526.86 526.29
-9999 -9999 -9999 -9999 527.2 526.15 525.9 524.14 524.32 524.81 525.31 526.15 528.12 527.8 526.41 525.93 527.43 525.11 526.28 527.89 527.47 527.66 527.74 525.72 526.18 526.32 526.88 524.41 524.68 527 524.77 526.27 525.98 525.6 525.87 525.9 528.75 528.66 527.2 526.26 524.54 524.09 525.19 525.53 524.35 523.96 525.04 525.62 527.06 525.98 526.92 527.02 527.03 525.63 526.31 526.64 527.35 527.9 528.6 527.09 526.92 526.87 527.16 526.38 527.43 527.31 525.04 526.09 527.22 525.76 526.82 526.69
-9999 -9999 -9999 -9999 526.76 525.77 525.72 524.88 526.57 526.78 524.76 526.71 527.21 526.01 526.33 525.47 526.52 527.05 525.41 528.75 531.46 533.52 529.48 526.66 531.66 526.91 526.37 524.5 524.89 527.76 527.66 528.63 526.1 525.27 524.5 527 525.23 527.38 526.01 526.22 524.7 523.99 524.43 525.5 524.46 524.9 525.86 525.73 526.62 526.25 526.88 527.02 527.25 525.5 526.24 526.5 527.18 528.25 527.57 526.74 525.58 526.4 527.18 527.72 527.48 527.36 525.91 527.08 528.24 527.25 526.16 527.14
-9999 -9999 -9999 -9999 526.33 525.92 525.18 525.04 526.64 527.05 526.53 525 527.64 525.75 525.85 525.21 525.17 525.62 528.82 532.89 531.89 533.91 535.23 532.8 532.62 527.97 525.98 526.7 526.4 528.6 529.16 526.55 526.3 525.76 526.53 525.72 525.62 527.04 524.35 527.2 526.74 524.05 524.34 525.24 525.25 526.01 526.37 526.49 526.23 526.31 526.61 527.99 527.56 525.98 526.75 526.56 527.52 528 527.73 526.71 525.2 525.89 527.33 527.95 527.83 527.12 526.7 527.73 528.26 528.4 526.3 527.52
-9999 -9999 -9999 -9999 525.62 525.19 525.74 526.36 526.14 525.92 525.65 525.86 525.44 527.03 526.97 526.37 525.55 524.94 531.55 532.24 533.35 535.98 534.47 533.83 530.76 532.64 526.32 527.79 525.81 526.89 527.81 528.37 526.85 528.93 527.53 525.87 525.74 525.75 524.58 526.46 525.29 525.7 526.89 525.48 525.02 526.02 526.48 526.12 526.52 526.25 526.73 527.17 525.93 525.41 526.15 526.76 527.94 527.81 526.45 525.33 524.78 526.35 527.24 524.16 528.39 527.19 527.23 527.99 528.66 526.68 526.4 526.32
-9999 -9999 -9999 -9999 525.11 525.27 525.44 525.71 526.08 525.38 524.77 525 527.23 529.42 525.82 525.37 525 525.46 532.34 532.94 534.47 535.91 535.11 534.86 534.89 534.11 528.99 525.81 525.09 525.22 529.27 528.61 527.69 528.18 526.19 525.98 526.27 525.3 525.27 527.09 527.32 528.14 527.28 525.59 526.05 525.79 526.1 526.53 526.84 526.36 526.72 526.93 527.59 527.44 526.68 525.36 524.75 526.83 524.82 525.21 524.74 525.84 526.86 527.08 528.37 527.88 526.85 526.87 528.29 527.27 527.55 526.13
-9999 -9999 -9999 -9999 525.13 524.75 524.71 525.43 525.24 525.27 526.35 527.2 527.28 528.42 529.35 525.37 524.61 527.25 529.19 533.81 534.89 535.69 534.92 533.83 532.32 529.55 525.3 525.04 524.92 526.05 529.31 528.87 528.51 529.66 529.19 526.72 526.37 527.4 524.53 526.7 528.88 529.08 527.15 526.12 526.19 525.93 526.23 526.36 526.35 526.46 526.41 527.16 527.36 527.37 526.5 524.82 525.03 525.67 524.22 526.52 526.79 525.76 526.8 527.02 528.29 526.47 525.22 524.35 526.92 527.51 527.59 527.78
-9999 -9999 -9999 -9999 525.18 525.21 524.96 524.92 524.68 524.99 527.48 532.31 533 532.57 532.37 531.36 526.5 530.19 532.18 531.76 534.21 534.38 534.48 535.5 534.7 531.58 525.36 525 525.23 526.11 528.66 528.5 529.7 529.84 529.29 527.68 527.95 528.63 527.45 528.22 529.19 529.11 527.23 526.32 526.48 526.31 526.28 526.27 526.06 525.9 526.23 526.82 527.12 527.58 526.4 525.13 525.22 525.49 526.43 527.22 527.83 527.87 527.32 527.66 528.58 529.24 528.92 524.16 525.65 528.14 528.65 527.56
-9999 -9999 -9999 -9999 524.9 526.32 525.33 525.08 524.72 528.08 526.26 533.6 534.59 533.62 533.28 534.24 531.45 531.64 530.45 530.41 531.98 533.09 534.58 531.25 531.91 528.18 524.95 524.82 525.71 526.89 526.76 526.27 526.53 527.7 527.75 527.64 528.93 528.72 528.67 529.04 529.67 528.39 527.64 527.5 527.42 527.18 526.91 526.51 526.31 525.96 526.41 527.89 527.9 527.79 528.01 526 525.35 525.95 528.6 528.58 528.9 529.09 528.02 527.43 528.44 529.38 526.63 524.41 524.88 527.79 527.68 524.12
-9999 -9999 -9999 -9999 525.78 525.8 526.2 525.04 524.72 528.63 532.62 532.46 534.83 533.91 534.5 533.8 531.99 527.43 529.57 529.06 530.14 530.92 530 531.22 529.32 525.34 524.85 526.46 528.39 527.26 526.88 526.55 528.02 525.72 525.78 526.95 527.63 528.05 528.46 526.15 527.92 528.59 528.2 527.86 527.88 527.61 527.3 527.27 527.81 527.58 526.56 527.62 527.56 527.73 527.98 527 525.44 525.5 527.17 526.67 528.32 528.16 526.13 524.91 525.05 527.09 524.97 525.27 525.48 527.04 527.52 526.43
-9999 -9999 -9999 -9999 526.9 526.83 528.41 525.46 527.41 528.58 533.91 534.69 534.22 534.11 534.3 533.51 531.84 527.73 528.54 528.77 529.35 528.99 529.11 528.73 526.93 525.67 525.42 527.9 527.26 527.01 526.86 527.03 526.1 525.57 525.48 526.17 527.12 527.84 528.47 526.88 527.21 527.44 527.53 527.93 528.21 527.56 527.52 527.61 527.3 526.82 526.29 526.3 526.98 528.34 527.38 526.85 526.57 525.76 525.66 525.73 525.73 525.05 524.88 524.83 525.24 525.16 525.39 524.59 525.71 526.95 526.14 525.56
-9999 -9999 -9999 -9999 526.72 528.3 528.14 526.96 525.62 527.13 532.12 532.88 534.01 534.45 533.6 532.98 530.58 528.04 524.88 528.36 528.88 529.17 528.33 528.27 527.39 525.6 526.62 527.62 527.28 527.16 527.19 527.17 526.53 526.08 525.74 527.31 527.34 527.39 526.69 527.17 528.15 528.25 527.8 528.05 527.82 527.03 527.2 527.53 527.26 526.87 527.09 526.66 527.62 526.83 528.41 527.08 526.17 525.73 525.8 524.3 525.48 525.02 524.62 524.75 525.08 525.32 525.25 524.93 524.87 526.75 526.69 525.67
-9999 -9999 -9999 -9999 525.95 526.75 526.64 526.66 527.62 527.03 533.35 531.79 532.45 533.73 532.1 531.1 530.19 526.85 525.08 529.02 528.84 528.85 528.2 528.01 526.2 526 527.8 529.21 528.28 527.08 527.82 527.87 527.53 527.15 528.1 527.79 527.62 527.64 526.75 526.83 527.74 529.11 530.32 530.08 529.08 527.18 526.81 527.25 527.21 527.21 527.05 526.72 527.22 526.46 528.06 526.12 525.39 526.31 532.92 532.29 527.76 532.64 527.81 524.9 525.37 525.23 525.51 524.99 524.64 526.74 526.86 528.73
-9999 -9999 -9999 -9999 525.76 526.22 526 525.78 526.16 527.38 524.67 527.62 533.07 532.05 527.92 527.28 526.17 527.07 526.57 524.82 527.5 528.74 528.21 528.75 527.79 526.6 527.97 528.74 526.57 525.39 528.01 529.02 528.33 527.71 527.95 527.29 527.23 527.24 526.74 528.63 527.16 527.65 527.93 528.76 528.22 526.95 525.89 526.65 528.06 526.89 526.92 527.62 528.05 528.14 528.5 526.46 525.52 530.43 530.58 533.57 534.01 532.84 530.21 525.64 525.51 525.43 524.88 524.92 527.46 528.5 529.11 529.21
