tests/GridSurface/491_927.asc
ncols 112
nrows 1000
xllcorner 491888
yllcorner 927000
cellsize 1
nodata_value -9999
[rows 800 to 831 of 1000, columns 0 to 71 of 112]
-9999 -9999 -9999 -9999 525.8 526.15 526.11 525.75 527.5 526.84 525.42 527.17 529.33 526.56 528.15 528.61 527.19 528.8 527.48 526.9 526.38 526.29 526.1 528.05 527.37 527.27 528.7 527.95 528.13 528.3 528.13 527.93 528.6 527.33 527.82 526.89 526.96 527.19 528.12 527.83 527.29 527.15 527.44 527.26 527.04 526.83 526.38 528.53 528.95 527.97 527.5 527.19 527.21 528.02 528.3 526.11 525.7 530.4 534.06 534.78 534.72 533.64 531.51 526.23 526.77 526.27 526.27 527.22 527.31 525.13 524.86 527.64
-9999 -9999 -9999 -9999 525.82 525.99 526.18 525.66 525.7 526.9 528.87 529.38 525.49 527.96 528.12 529.55 527.15 527.28 528.51 529.23 527.07 527.27 527.3 526.66 526.92 526.47 527.45 528.8 528.47 528.99 529.49 528.65 528.42 528.02 527.66 526.94 527.27 527.37 527.84 527.41 527.25 527.11 526.83 527.03 526.38 526.24 526.56 527.29 527.45 527.35 527.34 527.27 527.74 527.09 526.44 526.32 526.52 531.87 533.98 534.11 535.41 534.23 533.62 529.25 528.58 528.58 528.16 529.34 529.44 528.38 526.77 528.48
-9999 -9999 -9999 -9999 526.38 525.75 525.74 525.43 525.53 525.4 526.05 529.33 525.68 526.02 526.62 526.54 528.11 527.35 528.36 529.15 528.49 528.12 527.19 526.86 526.93 528.99 526.53 526.21 526.8 528.5 529.03 530.1 528.25 528.29 527.69 526.92 527.65 527.78 527.6 527.44 527.58 527.57 527.58 527.42 526.44 526.45 526.46 526.21 526.66 528.59 528.15 526.98 527.07 526.39 526.59 526.22 527.98 532.93 533.21 533.34 534.36 534.07 533.35 528.29 528.53 528.81 529.13 529.3 529.84 529.38 529.36 528.29
-9999 -9999 -9999 -9999 529.32 528.02 525.38 525.27 525.53 525.18 525.61 528.55 526.95 527.14 527.07 527.5 527.42 527.18 527.92 529.12 528.94 528.45 527.54 527.41 527.18 528.33 529.14 526.73 526.4 526.05 526.37 527.87 527.62 530.09 527.6 527.19 527.78 528.03 528.32 527.89 528.69 528.95 528.41 527.38 526.25 525.99 526.59 526.08 526.45 527.59 527.64 526.83 526.21 525.84 527.23 526.53 528.28 528.19 532.46 531.53 532.1 532.56 527.87 527.24 527.76 528.46 528.61 528.79 529.25 529.2 527.35 525.89
-9999 -9999 -9999 -9999 530.8 530.72 527.01 525.94 527.64 528.05 528.68 528.59 528.52 527.96 527.62 528.05 527.49 527.16 527.37 527.76 527.44 528.94 528.64 528.47 527.4 526.83 526.92 526.92 526.62 526.39 527.71 528.38 529.98 527.87 527.58 527.62 527.42 529.04 528.61 527.8 528.33 528.54 528.2 527.06 526.52 526.64 526.46 526.5 526.56 527.3 526.98 526.72 526.08 525.91 526.07 526.84 528.51 528.64 527.99 526.95 526.47 527.91 526.18 526.36 527.22 528.1 527.95 528.98 529.19 528.01 525.58 524.94
-9999 -9999 -9999 -9999 528.7 527.77 531.13 528.88 528.67 527.72 528.95 526.57 528.77 527.88 527.67 528.12 528.39 528.44 528.08 528.05 528.1 527.76 529.7 529.27 528.22 528.85 526.93 526.56 526.41 526.21 526.19 529.13 529.36 528.16 528.22 527.97 527.4 527.89 527.8 528.89 528.48 527.81 527.73 527.21 526.75 526.73 526.79 526.89 527.33 527.32 527.53 527.51 527.78 527.76 525.66 527.03 527.74 528.26 528.48 527.7 528.17 526.03 526.97 525.86 525.29 524.86 525.12 527.99 528.72 527.86 524.8 524.41
-9999 -9999 -9999 -9999 527.01 528.4 528.26 530.21 528.85 530.78 530.63 529.12 528.04 527.03 527.88 528.1 528.19 528.37 528.21 528.65 528.66 528.25 529.71 527.1 528.49 528.43 527.92 526.8 526.5 526.51 526.89 528.49 528.65 527.9 528.2 527.69 528.42 529.35 527.54 528.91 530.66 530.52 527.76 527.3 527.54 529.02 528.39 529.68 528.23 528.73 528.46 528.39 529.16 528.6 526.58 527.06 526.94 526.83 527.23 527.09 527.85 529.18 530.03 529.67 525.37 525.45 525.78 525.67 525.06 525.42 524.53 524.4
-9999 -9999 -9999 -9999 529.02 526.76 531.85 531.1 531.9 533.22 532.36 529.82 528.23 527.16 527.96 528.15 528.64 528.95 529.09 529.23 529.13 528.82 526.44 529.54 528.43 528.22 527.29 527.33 527.18 527.16 527.28 527.74 526.93 527.27 527.94 528.58 527.76 527.1 527.04 528.49 527.72 527.54 527.66 527.69 531.54 532.89 534.19 533.64 533.76 534.12 532.73 529.43 528.92 529.05 526.57 527.01 527.25 526.4 527.13 527.24 528.34 528.47 529.2 529.76 529.73 527.94 526.31 525.65 524.54 524.52 524.5 524.68
-9999 -9999 -9999 -9999 528.13 526.91 531.94 531.42 533.16 533.56 530.97 530.54 527.34 526.89 528.13 528.02 528.88 529.14 528.74 529.05 528.54 527.39 526.99 527.97 529.86 529.52 529.19 527.46 527.5 527.48 527.28 526.58 526.88 527.15 527.41 528.03 527.47 526.95 527.03 527.41 527.33 527.72 528.07 532.08 534.2 534.46 535.22 534.32 535 533.99 530.62 528.22 529.46 529.25 528.65 528.52 528.43 527.04 526.09 526.46 527.99 527.68 527.42 528.77 529.65 529.59 527.93 527.4 526.61 524.71 524.62 524.47
-9999 -9999 -9999 -9999 527.86 527.59 531.71 531.01 531.08 531.64 530.89 530.81 526.93 530.03 527.12 528.34 526.98 527.57 527.84 528.2 526.99 526.02 527.65 529.91 528.43 529.65 530.15 529.11 527.95 527.41 526.99 526.47 526.37 526.41 526.37 526.54 526.79 526.91 526.92 527.02 527.16 527.53 527.32 530.29 533.71 534.97 535.38 534.42 535.05 535.23 534.25 532.18 529.61 529.56 527.16 527.84 527.59 526.93 526.11 526.91 527.35 527.22 527.52 528.47 529.77 528.14 527.95 527.45 528.09 526.48 524.85 524.75
-9999 -9999 -9999 -9999 529.96 531.49 526.13 528.81 531.05 530.74 530.17 529.25 531.01 530.75 530.34 526.56 527.3 527.76 527.71 527.99 526.63 526.68 526.95 527.29 527.59 528.67 531.08 529.72 527.78 527.75 527.13 529.67 530.28 526.32 525.99 526.7 526.88 526.66 526.92 526.97 526.89 526.64 526.67 529.69 533.85 535.33 536 535.24 535.64 534.76 534.5 531.54 528.31 528.07 526.94 526.62 526.74 526.43 526.5 526.58 526.9 526.96 527.74 528.11 528.77 527.47 527.45 526.22 527.3 526.89 525.57 524.93
-9999 -9999 -9999 -9999 531.78 529.85 527.89 527.14 529.18 529.06 529.72 531.59 531.39 531.43 527.03 527.61 530 529.12 527.74 527.67 526.99 526.84 527.1 527.14 529.71 528.59 528.24 527.3 527.17 527.28 527.17 528.74 530.1 527.89 526.98 528.17 527.33 527.25 526.64 526.96 526.9 526.74 526.64 530.1 533.66 534.85 533.41 535.84 535.21 534.36 533.96 531.19 527.59 527.2 527.01 527.1 528.22 527.97 526.93 526.81 526.6 526.94 527.12 528.14 528.18 527.88 527.46 527.46 527.85 528.34 526.79 525.04
-9999 -9999 -9999 -9999 526.93 531.68 529.81 528.27 529.03 529.77 530.29 530.65 530.07 527.92 527.1 527.62 529.56 529.55 527.58 527.47 527.15 527.34 527.21 527.89 528.58 527.76 528.13 526.67 529.7 526.85 527.4 528.83 527.42 527.61 529.34 527.98 527.77 528.7 527.29 526.85 527.03 526.84 526.74 528.1 532.95 533.64 535.89 534.86 534.02 533.21 527.53 531.46 528.34 527.9 527.69 527.55 528.35 527.58 526.68 526.61 526.54 526.48 526.43 527.38 527.03 527.86 527.93 528.08 527.86 527.12 525.37 524.77
-9999 -9999 -9999 -9999 531.19 531.57 526.29 528.59 531.1 530.71 529.77 529.73 529.25 528.66 528.04 527.81 527.61 527.75 527.69 526.78 528.94 530.56 530.58 528.36 528.73 527.97 529.7 527.07 527.05 527.9 529.87 531.77 529.46 528.51 531.22 528.67 527.39 528.29 527.15 527.09 526.68 526.47 526.62 527.91 527.24 532.9 534.2 535.24 533.15 534.22 532.38 527.4 527.88 527.88 528.39 527.29 529.7 530.06 526.72 526.79 526.87 526.52 526.5 526.62 526.4 527.94 528.43 528.13 527.25 525.99 525.09 525.29
-9999 -9999 -9999 -9999 530.09 531.07 525.97 530.89 529.25 530.38 529.78 529.83 529.97 529.08 528.04 527.93 527.53 527.68 527.74 529.24 529.53 531.33 531.91 532.62 531.9 529.32 528.42 527.44 529 530.94 531.02 530.98 531.56 530.66 529.57 529.29 531.82 531.78 535.08 535.37 526.7 526.65 528.01 526.75 532.22 536.99 535.32 533.78 531.86 531.84 528.13 527.76 529.47 528.37 528.61 528.9 527.3 528.73 526.64 526.85 526.57 526.4 525.79 526.28 526.34 527 527.71 527.24 525.68 525.56 525.29 525.13
-9999 -9999 -9999 -9999 530.74 531.43 531.53 529.53 530.08 529.1 529.53 529.92 529.28 528.73 527.69 527.92 527.41 527.67 528.09 530.14 531.68 532.96 534.46 533.69 533.08 529.31 527.34 527.99 528.23 531.83 532.68 533.1 533.86 534.16 534.08 532.44 536.22 536.73 538.21 537.92 527.51 534.39 534.96 530.53 532.95 537.34 537.18 531.57 527.59 528.88 529.37 526.6 526.19 526.66 527.35 529.02 527.06 526.39 526.39 526.48 525.99 526.07 526.55 526.32 525.96 526.26 526.03 525.6 525.59 525.61 525.51 525.35
-9999 -9999 -9999 -9999 530.17 527.88 530.69 529.19 528.31 527.65 529.37 529.06 528 529.13 527.68 528.14 527.22 529 526.06 532.16 532.59 533.68 534.04 533.44 532.91 531.14 530.42 528.07 529.43 531.97 533.6 533.95 534.22 534.18 534.68 537.31 538.32 537.26 538.08 538.69 538.14 535.27 529.08 537.52 537.22 537.28 537.7 534.5 529.22 529.44 529.58 527.86 527.11 527.32 527.35 526.57 526.52 526.44 526.42 526.55 526.82 527.03 526.63 525.93 526.15 525.9 525.64 525.45 525.45 525.46 525.31 525.19
-9999 -9999 -9999 -9999 527.74 529.72 529.75 526.52 526.95 526.74 528.29 528.18 527.64 529.65 529.15 526.86 526.51 527.35 525.51 533.34 533.46 534.44 534.6 534.09 533.06 531.59 531.17 529.54 527.71 528.52 532.42 534.55 534.22 534.66 533.03 536.59 537.23 538.04 537.96 538.5 537.62 535.19 531.71 535.61 537.15 537.9 536.87 527.1 526.4 529.14 528.58 530.02 529.67 528.13 527.63 526.97 526.96 526.73 526.46 526.33 526.33 526.36 526.34 526.52 526.67 526.04 525.94 525.57 525.47 525.42 525.27 525.13
-9999 -9999 -9999 -9999 529.63 529.28 530.31 529.56 526.82 526.65 526.48 526.23 528.6 528.88 528.56 527.89 528.65 526.18 530.75 531.7 533.72 533.98 534.38 534.3 532.64 531.36 525.62 525.76 525.9 528.77 531.43 532.55 532.83 533.28 531.34 532.32 537.33 536.61 537.97 537.97 536.85 535.46 536.27 535.96 537.01 536.81 536.07 529.89 527.01 526.46 526.6 527.95 528.78 527.63 529.15 528.52 527.07 526.89 526.59 526.52 526.44 526.57 526.62 526.75 526.68 526.59 526.1 525.71 525.58 525.56 525.46 525.28
-9999 -9999 -9999 -9999 530.6 529.45 529.01 527.95 526.93 526.35 528.15 527.58 527.11 527.45 527.42 527.02 526.85 526.44 527.65 526.97 533.22 532.24 532.9 532.91 532.41 528.26 525.67 525.44 525.43 526.94 526.69 528.46 530.47 530.08 535.17 535.79 537.76 529.32 537.12 538.62 536.87 535.48 534.67 533.96 529.95 528.13 535.4 531.82 527.74 527.75 528.75 529.28 529.33 528.18 528.19 529.55 526.89 526.98 526.82 526.75 526.77 526.9 527 527.01 526.76 527.09 526.68 526.1 525.97 526.11 525.83 525.37
-9999 -9999 -9999 -9999 527.77 527.93 527.6 526.84 529.48 527.47 527.8 527.79 526.93 527.31 527.48 527.29 526.67 526.54 526.05 529.22 530.11 532.51 531.48 530.65 526.93 525.26 525.7 525.57 525.49 525.55 527.39 527.92 531.55 534.3 530.8 538.72 539.86 537.83 536.26 536.34 533.91 533.82 533.01 530.96 532.01 526.99 526.18 527.53 528.23 527.39 528.27 529.08 528.53 528.46 527.77 527.45 527.31 527.79 527.34 527.54 527.79 528.17 528.33 526.82 526.9 527.62 527.31 526.02 525.82 525.83 525.53 525.37
-9999 -9999 -9999 -9999 528 529.21 527.94 527.3 527.98 527.77 527.12 526.99 526.95 527.18 527.54 527.26 526.75 526.68 526.43 525.97 527.14 526.43 527.91 528.13 526.1 525.89 525.37 525.36 525.94 526.6 526.59 531.01 534.23 535.04 533.29 539.64 538.76 538.71 537.33 535.14 534.21 534.29 532.64 526.38 526.4 526.66 528.27 528.84 528.62 528.5 528.79 528.63 529.19 528.87 528.25 530.49 528.98 528.11 527.84 527.82 528.23 527.97 527.08 526.5 527.1 527.8 527.61 526.19 525.78 525.68 525.36 525.32
-9999 -9999 -9999 -9999 527.96 529.67 529.16 529.34 528.59 527.33 526.94 526.8 526.83 527.28 527.17 527.53 528.6 526.86 526.85 529.17 527.44 527.28 526.39 526.53 526.18 525.97 525.72 526.46 526.43 526.55 527.52 528.46 532.81 540.14 534.18 540.02 539.85 536.86 534.67 536.46 535.04 528.25 530.22 526.35 526.39 526.52 527.23 528.05 527.68 527.71 528.33 529.03 528.45 529.28 529.16 529.03 529.2 527.67 528.04 527.9 528.1 528.05 526.38 526.46 526.95 527.55 527.65 526.75 526.07 525.85 525.17 525.14
-9999 -9999 -9999 -9999 527.57 529.88 528.91 528.75 528.14 527.43 527.01 526.69 526.48 527.31 528.69 527.9 528.44 529.1 527.99 529.27 528.92 526.44 526.15 526.31 525.91 526.2 525.68 526.2 525.98 526.31 530.81 534.46 533.39 538.22 539.84 540.4 540.25 540.28 538.2 534.95 534.71 534.2 525.98 526.06 526.15 526.4 527.26 527.37 527.38 528.03 528.01 529.68 529.54 528.5 527.93 530.56 527.17 527.43 528.05 527.66 527.27 527.1 526.37 526.41 527.54 528.06 527.53 526.85 526.35 525.96 525.5 525.53
-9999 -9999 -9999 -9999 526.45 528.15 529.2 529.57 527.98 527.56 529.19 528.42 526.85 526.61 526.83 529.41 527.95 529.28 528.25 528.2 527.55 526.56 526.6 526.39 526.4 526.73 526.53 525.91 526 530.38 528.07 535.1 534.28 539.14 538.34 540.87 540.36 540.28 534.7 534.77 534.15 527.45 528.27 526.2 526.16 526.37 526.92 527.64 527.51 528.02 529.48 529.77 529.81 529.16 527.74 527.28 527.23 527.41 527.69 527.41 527.18 527.19 526.91 526.85 528.22 528.66 528.18 527.27 526.81 526.12 525.82 525.78
-9999 -9999 -9999 -9999 528.03 529.44 526.4 529.04 527.6 527.32 529.19 529.82 529.16 530.5 526.69 528.75 527.63 528.14 527.7 527.39 526.74 526.57 526.47 526.41 526.44 526.1 525.68 525.6 525.95 530.19 529.7 535.47 535.22 536.89 538.97 537.39 536.98 538.43 535.77 530.41 530.2 527.86 526.94 526.83 526.55 526.38 526.48 526.69 526.99 527.09 527.89 529.25 529.03 528.66 527.66 527.23 527.17 527.03 527.41 527.6 527.36 527.33 527.13 527.58 527.98 527.69 528.92 528.03 527.17 526.08 525.65 525.56
-9999 -9999 -9999 -9999 528.41 529.1 529.57 528.24 527.83 529.07 529.61 528.95 530.13 528.1 527.26 527.2 527.24 527.82 527.94 526.4 525.15 525.71 526.07 525.39 525.59 525.69 525.6 526.15 526.27 527.17 527.96 535.52 534.83 534.37 534.66 534.47 535.41 535.7 535.06 534.57 527 526.76 526.7 527.06 526.87 526.41 528.08 526.99 526.99 527.04 527.08 527.28 527.56 527.43 527.33 527.23 527.17 527.38 528.2 528.36 528.24 527.93 527.54 528.38 527.82 527.62 527.63 528.01 527.05 527.47 527.65 526.29
-9999 -9999 -9999 -9999 528.67 527.59 528.61 528.72 527.93 529.67 528.53 527.41 527.74 528.25 528.39 526.91 528.18 527.26 527.77 525.91 525.47 525.09 525.23 525.25 525.64 525.95 526.23 526.34 526.28 530.43 533.07 532.61 534.06 528.52 531.07 527.96 533.11 534.87 530.59 527.29 529.79 526.21 526.99 527.09 526.74 526.71 527.47 529.64 531.88 530.81 527.2 527.24 527.25 527.07 527.24 526.96 526.97 527.2 527.47 527.97 528.51 528.37 527.92 527.96 528.17 528.05 527.85 529.4 533.8 527.66 527.77 527.23
-9999 -9999 -9999 -9999 526.92 526.95 527.88 529.17 529.67 528.31 527.09 527.66 529.18 530.07 531.25 527.12 526.49 525.84 525.46 525.41 525.73 525.47 525.36 525.32 526.13 526.27 526.3 525.83 526.18 526.64 526.01 525.76 530.05 527.4 527.36 531.95 526.5 526.19 530.42 526.46 526.54 526.45 527.18 527.03 526.5 527.88 529.13 529.03 533.93 532.67 527.37 528.35 528.6 527.14 527.01 526.86 526.9 526.77 526.78 527.62 528.07 528.19 527.86 527.42 527.58 531.21 528.29 530.84 532.68 527.13 526.51 525.79
-9999 -9999 -9999 -9999 527.37 527.32 528.42 529.48 529.68 528.86 528.16 528.26 527.76 529.75 527.1 527.15 525.5 525.06 524.98 525.21 525.4 525.76 525.87 525.58 526.03 526.18 526.29 526.29 526.37 526.73 526.38 526.3 526.77 526.91 526.99 528.94 526.78 526.67 526.9 526.87 526.19 526.35 527.07 526.57 526.46 528.23 530.28 529.77 533.73 535.12 532.95 532.96 533.37 528.34 526.66 526.72 527.09 526.99 527.09 527.44 528.17 527.12 527.13 526.99 526.65 530.02 532.25 534.65 534.25 533.48 526.75 526.37
-9999 -9999 -9999 -9999 527.86 527.62 526.67 526.32 527.82 528.39 526.52 526.44 525.45 525.97 525.61 524.57 524.97 525.36 525.42 525.64 525.69 525.69 525.66 525.76 526.4 526.06 525.81 525.86 526.02 526.16 526.11 526.36 526.36 526.43 526.83 526.73 526.91 526.69 526.9 526.66 526.83 526.83 527.16 526.82 527.2 532.72 534.1 533.46 530.38 534.79 533.01 530.3 527.7 527.35 526.74 526.49 526.88 527.27 527.15 527.53 527.58 526.79 526.79 526.56 526.03 527.07 528.09 534.45 534.3 528.87 526.58 526.68
-9999 -9999 -9999 -9999 526.8 526.45 525.78 525.3 525.4 525.38 525.97 525.66 525.19 524.75 524.85 525.35 525.8 525.83 525.61 525.72 526.11 525.43 525.66 526.03 526.78 526.04 526.33 526.3 526.18 527.97 526.24 526.16 525.92 526.55 526.58 526.49 526.51 526.47 526.89 527.18 526.95 527.07 527.02 526.47 526.65 529.45 534.05 534.98 534.35 534.69 534.44 534.17 531.78 529.66 526.49 526.18 527.07 527.26 527.24 527.44 527.04 526.69 526.53 526.11 525.61 531.98 534.02 535.13 534.95 531.43 528.89 526.28
