tests/GridSurface/491_931.asc
ncols 136
nrows 1000
xllcorner 491864
yllcorner 931000
cellsize 1
nodata_value -9999
[rows 704 to 735 of 1000, columns 0 to 71 of 136]
-9999 -9999 -9999 514.18 514.14 514.49 514.32 514.09 513.76 513.71 513.69 513.72 513.67 513.28 513.11 513.84 514.22 515.03 514.44 514.58 514.96 517.24 518.34 518.23 518.34 517.28 516.16 516.83 516.03 514.35 516.21 516.25 513.72 515 516.34 519.13 517.4 511.82 513.83 512.56 514.73 513.67 513.47 514.12 514.55 512.8 512.97 514.59 513.54 512.96 513.19 514.94 514.79 513.63 514.17 516.66 515.98 516.76 516.82 514.36 510.7 510.56 510.8 510.98 511.31 511.31 510.92 510.57 510.68 510.51 510.36 510.26
-9999 -9999 -9999 513.89 515.64 514.37 514.03 514.25 513.83 513.88 513.9 514.31 513.7 513.4 513.62 514.33 513.89 514.6 515.2 515.43 515.32 515.31 518.08 518.22 518.3 516.63 516.55 514.91 513.28 512.51 512.17 516.08 512.92 516.37 518.41 518.37 513.6 513.02 514 511.97 514.04 514.88 512.07 514.77 514.62 514.32 514.36 514.58 514.84 514.94 515.13 515.75 515.55 514.88 512.98 514.59 515.62 515.92 516.12 511.03 510.89 510.78 510.97 511.21 510.7 510.92 510.97 510.89 511.04 510.54 510.51 510.15
-9999 -9999 -9999 514.19 514.11 514.2 513.98 513.74 513.48 513.93 514.02 514.17 513.62 513.42 513.93 514.27 513.47 513.36 516.77 517.01 515.15 512.73 517 516.56 516.7 516.54 516.53 513.5 512.3 512.46 513.53 515.84 516.55 515.96 515.11 516.37 514.67 514.13 515.32 511.73 515.43 515.32 515.69 516.37 515.99 516.33 513.31 514.69 515.02 512.57 514.34 515.08 515.8 515.79 511.53 515.62 514.85 515.89 514.6 513.62 511.07 510.64 510.96 511.1 511.01 511.15 511.29 511.49 511 510.42 511.39 510.85
-9999 -9999 -9999 515.12 514.71 514.27 513.75 513.89 514.04 514.24 513.94 514 513.89 513.67 513.93 513.68 513.54 513.38 516.01 516.74 514.33 513.53 515.81 516.4 516.33 516.77 516.44 512.04 512.44 512.66 513.03 514.19 517.02 517.1 514.62 515.14 512.69 515.08 515.49 512.96 514.73 517.28 517.93 518.49 517.95 516.26 515.31 514.52 513.7 512.61 514.38 514.93 513.84 512 514.62 516.04 515.99 516.46 516.18 511.69 511.33 511.05 511.01 511.06 511.16 511.18 511.4 511.14 510.47 510.07 510.6 510.96
-9999 -9999 -9999 514.24 515.12 515.06 513.68 513.65 513.74 514.44 514.26 513.69 514.04 513.69 513.71 513.34 512.97 513.36 513.54 513.81 513.98 513.99 514.01 515.38 515.76 515.83 515.07 514.68 514.31 513.57 513.66 515.41 515.62 514.56 513.5 514.99 513.11 515.18 514.1 514.17 514.61 515.24 516.27 518.67 517.41 517.94 516.37 515.51 515.16 512.28 513 512.78 512.37 513.48 513.35 515.17 516.54 517.11 517.48 512.21 511.29 511.07 510.93 510.78 510.85 511.05 510.96 510.62 510.27 510.09 511.53 511.32
-9999 -9999 -9999 514.78 514.1 514.75 514.02 513.82 513.86 513.83 513.96 514.15 513.99 513.68 513.71 513.44 512.98 512.8 513.21 513.75 514.1 514.32 514.26 514.09 514.78 515.21 514.29 514.59 514.75 514.23 514.1 514.28 514.84 514.56 514.26 513.5 514.49 513.78 511.8 512.54 513.86 514.58 517.23 518.16 517.74 518.09 516.73 516.12 512.39 510.45 511.52 512.92 512.26 511.08 511.2 514.01 511.46 513.43 512.55 511.87 511.42 511.12 511.01 510.91 510.66 510.49 510.17 510.3 510.07 510.73 511.55 511.65
-9999 -9999 -9999 514.09 513.72 514.23 514.32 514.16 514.24 514.1 513.66 513.74 513.8 513.79 514.1 514.4 513.65 513.25 513.3 514.1 514.09 514.09 513.98 513.86 513.78 514.38 514.14 513.99 514.88 513.68 513.55 514.01 514.56 514.76 514.06 513.23 512.57 512.22 512.68 511.69 513.31 515.5 517.83 518.49 517.73 517.14 517.02 515 513.97 511.51 512.78 513.42 512.83 511.02 511.1 512.63 512.25 512.09 512.01 511.66 513.69 511.14 510.97 510.42 510.28 510.12 510.58 510.88 510.18 509.86 510.7 510.41
-9999 -9999 -9999 513.98 514.11 514.86 514.84 514.12 514.27 514.02 513.65 513.39 513.76 513.88 515.09 514.66 513.87 513.32 513.1 512.97 513.09 513.35 513.16 513.32 513.01 513.4 513.69 513.51 512.8 512.9 512.71 513.25 513.63 513.47 513.29 512.69 512.41 512.81 512.68 511.96 512.93 514.66 516.12 515.82 516.78 516.81 515.44 514.5 511.96 512.29 513.81 514.44 515.07 511.19 511.38 511.38 511.55 511.33 511.95 511.2 516.4 514.79 510.32 510.17 509.79 510.1 510.62 510.35 510.27 510.18 509.42 509.76
-9999 -9999 -9999 513.99 514.13 515.2 515 514.34 514.88 513.77 513.44 513.22 513.63 513.93 514.74 514.96 513.69 513.37 513.42 513.77 513.47 512.96 512.83 512.71 513.03 514.08 512.51 514.3 514.17 515.58 512.58 512.25 512.61 512.94 513.07 512.46 512.99 512.81 512.36 512 513.01 514.26 514.4 515.58 516.29 513.96 514.02 513.82 513.14 513.93 515.34 514.98 512.27 510.81 511.2 510.5 510.7 510.7 515.87 516.16 512.12 516.82 510.38 510.36 510.16 510.12 510.15 510.09 509.95 509.91 509.93 509.96
-9999 -9999 -9999 513.66 513.71 514.91 514.46 514.54 514.55 513.55 513.44 513.82 513.82 513.8 513.95 514.06 513.7 513.63 513.96 513.87 513.74 512.94 513.05 513.24 512.9 515.13 515.98 516.96 516.69 516.61 516.12 514.03 512.62 512.73 512.87 513.02 512.66 512.37 512.19 511.57 511.66 512.06 512.28 512.82 512.87 513.29 512.35 511.91 513.41 515.97 515.67 514 512.73 510.55 510.37 510.43 510.73 513.94 513.3 516.04 515.85 513.31 513.35 510.27 510.38 510.35 510.72 511.04 510.27 510.03 510.04 510.15
-9999 -9999 -9999 513.65 514.13 514.71 514.68 514.47 514.25 513.55 513.61 513.87 514.1 513.65 513.63 513.67 514.02 513.82 514.27 514.67 513.78 513.08 513.19 513.36 512.64 517.11 517.31 516.96 516.47 516.77 517 516.17 512.69 512.25 512.54 512.93 512.76 512.19 511.7 511.71 511.61 511.72 511.96 512.07 512.76 512.94 512.49 512.51 512.9 515.6 512.1 511.29 511.38 510.95 510.8 510.57 510.71 510.32 512.59 515.18 515.37 515.34 515.59 509.59 510.38 510.69 510.6 509.4 509.14 509.41 509.57 509.69
-9999 -9999 -9999 513.86 513.99 514.39 514.29 513.82 515.62 513.67 513.46 520.73 513.9 515.15 513.44 513.57 515.23 516.1 515.47 515.12 515.08 514.22 514.48 514.21 513.49 515.51 517.02 517.03 516.7 517.53 517.78 516.87 514.47 512.14 512.27 512.76 512.65 512.01 511.95 511.4 511.42 511.14 511.91 512.14 512.08 511 510.99 511.54 512.92 512.54 512.56 511.93 511.38 511.04 510.97 510.77 510.51 510.41 510.19 513.16 514.62 514.8 512.44 510.06 510.33 512.43 512.48 509.04 509.21 509.39 509.1 509.35
-9999 -9999 -9999 513.68 513.91 514.09 513.93 513.74 514.67 524.64 529.12 528.56 520.97 513.39 512.82 512.92 513.95 516.4 516.77 517.14 516.95 515.05 518.87 515.82 517.17 513.31 514.06 515.12 516.3 517.45 517.71 517.11 512.97 511.37 517.36 511.94 511.98 512.03 511.89 511.58 511.47 511.89 512.32 511.96 511.37 511.04 511.13 511.91 511.88 511.7 511.7 511.53 510.86 510.8 510.61 510.64 510.36 510.25 510.51 513.68 513.8 512.18 511.69 509.99 510.46 512.39 511.31 510.74 511.27 509.77 510.88 509.11
-9999 -9999 -9999 513.45 513.07 512.18 513.24 513.59 525.76 514.79 525.42 533.88 527.82 519.91 516.72 514.33 515.53 516.72 517.11 518.49 518.13 516.7 518.66 519.1 519.22 515.6 513.89 517.03 517.11 512.91 516.72 517.47 517.28 512.81 515.51 513.33 511.66 511.89 511.66 511.63 512.13 512.6 513.63 513.63 512.1 511.8 511.82 511.55 511.29 511.14 511.66 511.13 510.82 510.32 510.5 510.75 510.51 510.21 510.39 513.03 510.13 512 510.55 509.94 512.25 511.38 512.14 524.69 517.94 516.42 526.02 510.81
-9999 -9999 -9999 513.54 513.47 513.29 513.55 513.54 532.19 534.67 534.94 521.3 535.58 533.62 512.6 512.94 514.2 515.58 517.41 518.67 518.8 518.09 517.22 518.73 518.03 515.9 513.86 515.89 512.79 514.7 517.21 517.11 517.01 517.28 514.97 513.88 511.65 511.68 511.37 511.62 512.94 513.22 514.31 512.76 511.52 511.49 512.19 511.7 510.91 510.51 510.91 510.6 510.44 510.19 510.44 510.45 510.38 510.08 510.19 510.11 509.7 509.77 509.44 509.78 510.82 511.46 523.23 522.88 526.01 527.01 524.63 517.57
-9999 -9999 -9999 513.46 513.84 513.47 515.41 514.43 517.66 531.86 536.09 536 535.27 531.72 518.56 512.25 515.28 516.8 517.22 517.92 519.57 519.42 519 513.12 515.57 515.68 518.97 517.99 512.65 513.26 513.35 515.45 516.27 517.13 517.36 513.68 511.39 513.34 512.15 511.58 512.45 512.49 513.46 511.87 511.57 512 512.19 512.25 511.9 510.54 510.8 510.6 510.66 511.06 511.07 510.96 510.91 510.18 510.1 509.97 509.76 509.44 509.46 509.7 510.06 510.26 526.38 526.21 526.83 527.18 526.7 525.49
-9999 -9999 -9999 513.96 514.26 514.51 514.31 514.52 526.94 530.59 534.48 535.78 533.7 528.08 521.97 512.15 513.18 517.52 516.92 518.35 519.35 519.67 519.75 519.16 517.1 513.41 518.34 513.69 513.15 513.65 513.23 513.69 515.2 516.95 517.64 511.94 511.37 512.16 513.08 511.46 512.38 513.02 513.19 512.14 512.5 512.62 513.32 513.69 513.62 510.4 511.55 511.47 511.63 512.08 512.36 512.18 511.53 510.21 510.11 509.95 510 510.11 510.83 511.76 514.34 516.69 526.13 526.54 527.29 527.58 527.56 525.14
-9999 -9999 -9999 514.52 514.66 514.97 514.55 513.74 513.49 523.65 532.48 529.32 530.7 512.73 512.41 514.38 514.91 517.16 516.88 518.15 517.41 518.78 515.81 518.37 519.02 518.44 518.15 513.79 511.73 511.86 511.83 515.99 514.31 513.84 517.92 517.81 511.58 511.71 512.88 511.28 512.16 513.3 512.76 512.63 513.26 514.05 514.79 514.89 514.15 513.03 511.25 511.08 512.04 512.57 512.78 512.39 511.67 510.37 510.5 510.32 510.34 510.61 510 512.05 514.4 518.8 525.64 526.47 527.57 527.83 526.47 524.67
-9999 -9999 -9999 514.4 514.32 514.25 514.36 514.35 514.97 514.28 513.41 513.38 513.24 513.26 512.53 512.04 515.61 516.2 517.08 516.73 514.95 517.23 516.49 519.7 518.94 518.49 518.48 517.72 517.75 515.02 511.27 512.51 513.18 515.53 514.73 514.1 523.42 512.02 511.78 511.46 511.24 511.6 513.72 512.8 513.29 514.38 515.15 514.4 511.89 513.78 512.56 511.37 512.05 512.59 512.85 512.58 511.44 510.32 510.26 510.49 510.6 510.59 511.25 512.89 514.47 516.38 522 525.44 524.71 526.54 526.65 525.61
-9999 -9999 -9999 513.4 513.26 513.24 513.92 514.27 514.04 514.12 514.07 514.19 515.04 515.46 513.95 513.62 513.96 515.13 516.01 515.07 515.42 516.45 517.59 518.64 515.12 515.85 517.67 518.87 517.68 515.67 511.72 513.99 513.1 512.14 511.55 511.76 520.19 526.79 517.91 511.91 511.48 512.19 513.53 512.94 513.5 513.96 514.77 514.61 514.1 513.11 511.87 510.93 511.65 512.37 512.66 512.32 511.08 510.22 510.5 510.49 510.77 510.73 511.54 513.02 513.98 514.68 513.43 517.51 515.65 521.73 521.64 517.81
-9999 -9999 -9999 513.3 513.25 513.63 514.22 514.52 513.91 513.92 513.91 514.23 515.45 515.22 514.19 513.5 514.07 513.59 512.9 512.74 513.16 514.91 516.38 517.39 517.38 517.84 518.14 518.81 517.76 517.69 512.35 513.78 514.14 511.65 513.24 511.5 517.97 526.21 529.98 511.3 511.87 513.59 513.45 513.18 513.3 514.14 514.43 514.31 513.78 512.21 510.39 510.51 510.85 512.01 512.16 511.89 510.51 510.42 510.58 510.64 510.92 511.01 511.72 512.7 513.1 512.95 512.09 510.88 509.6 509.08 514.02 511.7
-9999 -9999 -9999 514.34 513.63 514.22 513.87 514.24 513.96 513.5 513.73 514.14 514.54 514.87 514.02 513 513.34 512.85 512.43 512.89 515.43 514.1 515.54 517.61 518 518.56 517.87 518.89 516.08 513.42 511.56 511.57 511.6 511.76 520.01 511.43 511.64 519.66 511.71 511.68 511.59 512.33 512 511.87 512.4 512.54 513.38 512.99 511.14 510.6 510.09 509.95 510.42 510.61 511.22 511 510.45 510.43 510.48 510.39 510.98 510.9 511.85 512.58 513.17 512.92 511.35 510.36 510.2 509.13 509.07 508.66
-9999 -9999 -9999 513.98 514.3 513.66 513.71 513.96 513.84 513.59 513.59 513.81 514.34 514.32 513.36 512.78 512.4 511.79 512.09 512.4 512.58 516.69 514.04 515.86 512.99 513.99 517.34 516.73 517.32 518.01 515.59 511.12 511.48 511.58 511.57 511.72 511.89 511.62 513.4 512.54 512.22 512.76 512.3 511.83 511.65 511.93 511.16 511.19 510.44 510.49 510.53 510.14 510.5 511.56 510.47 511.56 510.75 510.56 510.56 510.01 510.59 510.39 510.4 511.55 512.33 511.93 511.88 510.83 510.23 510.1 509.41 508.83
-9999 -9999 -9999 513.41 513.68 513.78 513.5 514.03 513.94 513.81 513.42 513.62 513.94 514.86 515.45 513.71 512.83 514.14 515.39 514.34 514.03 517.1 518.72 518.53 518.6 519.52 514.49 518.25 513.23 517.12 518.62 515.92 511.6 511.81 511.57 511.89 511.75 511.73 513 513.57 513.27 512.51 511.21 511.26 511.81 512.07 511.26 510.75 510.41 510.7 510.26 510.25 510.85 511.91 511.9 512.58 513.32 512.9 510.46 512.15 510.54 510.85 510.62 510.31 511.44 511.1 510.3 509.95 510.39 509.94 510.38 509.06
-9999 -9999 -9999 513.57 513.64 513.85 513.78 513.94 514 513.81 513.3 513.54 514.08 514.86 514.98 514.24 513.97 513.37 517.95 516.57 517.93 519.33 515.38 519.56 520.43 519.54 518.61 518.96 515.38 518.53 514.71 511.16 511.27 511.33 511.51 511.37 511.5 512.21 514.04 512.96 513.16 512.9 510.64 510.97 512.64 512.44 511.78 511.69 510.79 510.36 510.01 513.34 512.57 514.44 514.51 514.18 514.29 514.66 511.89 510.22 513.79 510.74 510.49 509.72 510.32 509.92 510.35 510.85 511.93 512.72 511.71 509.54
-9999 -9999 -9999 513.6 513.7 513.39 513.43 513.6 513.72 513.55 513.08 513.47 514.02 514.55 514.51 514.56 513.99 515.27 512.19 516.11 518.22 515.6 513.59 516.39 519.08 519.36 518.89 519.59 518.03 519.23 512.32 511.33 511.63 512.16 512.77 511.68 511.17 511.87 512.81 512.63 512.06 510.92 510.55 510.83 511.64 512.28 512.41 512.43 511.04 510.57 511.52 509.81 514.73 514.21 513.91 514.2 514.44 514.42 513.56 513.77 513.81 510 511.46 510.76 510.53 509.79 510.55 511.64 512.27 512.52 512.38 512.95
-9999 -9999 -9999 513.73 513.6 512.93 512.85 512.34 512.44 512.55 512.8 513.24 513.83 514.11 514.21 514.42 514.19 513.01 513.07 512.36 517.01 515.38 516.75 518.67 520.46 518.13 520.07 519.29 518.76 519.06 518.25 514.72 511.6 512.81 513.52 512.59 512.59 512.3 511.64 511.31 510.95 511.03 510.71 510.69 512.02 513.8 512.83 512.71 511.51 510.66 510.01 514.21 512.73 511.3 514.54 514.42 514.24 514.46 514.07 512.54 513.98 513.55 511.92 510.81 510.73 511.22 510.68 512.22 513.02 512.48 512.15 512.41
-9999 -9999 -9999 513.88 514.15 514.12 513.32 511.66 511.49 512.51 512.68 512.94 513.94 514.06 513.25 513.09 513.2 512.86 513.21 511.74 512.29 513.78 516.84 520.79 519.44 515.44 516.67 519.15 519.19 520.15 520.73 512.9 511.42 511.76 512.17 512.25 511.91 512.14 511.74 511.08 510.8 510.39 510.25 510.52 510.49 511.2 512.01 512.09 510.25 510.04 509.7 509.4 510.93 514.62 514.52 513.76 513.81 514.63 514.43 513.95 513.86 512.98 511.25 510.34 510.78 511.83 510.72 510.88 511.91 512.51 512.11 511.71
-9999 -9999 -9999 -9999 514.37 514.27 513.69 512.87 513.05 512.62 512.88 512.87 513.46 513.43 513.33 511.94 512.34 512.12 511.84 511.97 512.82 517.42 517.68 519.84 518.66 515.75 519.25 519.4 516.31 512.06 520.57 518.68 511.36 511.33 511.47 512.23 511.93 512.69 512.5 512.68 512.14 511.44 510.54 510.38 510.55 510.79 510.84 510.27 509.73 509.97 510.23 509.58 510.33 510.99 512.62 513.67 514.4 514.65 514.33 512.78 513.98 513.55 510.67 509.76 510.3 510.46 510.17 509.98 509.66 510.67 509.76 510.66
-9999 -9999 -9999 -9999 516.13 513.77 513.71 513.01 513.12 513.05 512.91 513.23 513.04 512.88 512.62 511.98 512.04 511.92 511.79 511.97 512.38 515.67 517.61 518.97 520.27 518.83 518.19 519.59 519.64 518.85 515.51 511.09 511.31 511.18 511.48 512.39 512.46 512.56 512.6 514.01 511.33 511.41 510.87 510.52 510.83 510.94 510.9 510.97 511.05 510.84 511.05 510.02 509.6 509.93 509.95 512.24 513.61 513.18 510.77 512.32 514.28 513.17 510.41 509.98 510.03 510.16 511.47 509.85 509.24 509.74 509.01 510.81
-9999 -9999 -9999 -9999 515.23 516.71 518.9 512.86 512.72 512.4 512.15 512.47 512.58 512.61 512.62 512.18 511.81 512.01 511.99 513.32 518.25 513.12 517.45 520.55 521.66 521.05 520.32 518.33 517.95 513.82 511.53 511.29 511.12 510.96 511.56 512.34 513.32 513.28 512.85 512.88 513.88 512.03 511.68 511.07 511.1 511.05 510.57 511.06 511.05 510.97 510.73 510.2 509.81 510.19 510.24 511.59 513.11 513.66 508.99 511.85 513.64 511.48 509.78 509.91 510.94 515.26 523.43 515.32 518.19 510.18 509.94 510.43
-9999 -9999 -9999 -9999 524.54 520.94 517.9 514.22 512.49 511.52 511.85 512.15 512 512.36 512.3 512.04 511.98 512.45 512.44 513.35 516.75 519.34 520.43 521.18 521.22 520.67 521.34 520.36 517.5 512.83 511.52 511.66 511.56 512.44 511.2 511.59 513.16 513.55 513.21 511.77 512.38 511.64 511.48 511.14 510.99 510.81 510.57 510.77 511.08 510.68 510.69 510.23 509.94 510.35 510.72 511.54 512.96 514.13 514.4 514.22 509.75 509.93 509.68 509.9 510.14 513.07 524.89 513.7 526.07 524.24 516.05 510.54
