tests/GridSurface/491_931.asc
ncols 136
nrows 1000
xllcorner 491864
yllcorner 931000
cellsize 1
nodata_value -9999
[rows 192 to 223 of 1000, columns 0 to 71 of 136]
519.87 518.31 523.21 524.68 525.49 529.78 529.18 528.27 524.59 521.81 519.87 522.6 523.94 524.88 524.35 524.49 523.93 521.73 521.24 520.66 517.34 516.96 517.45 517.73 520.66 519.48 517.26 518.75 516.7 517.04 517.07 516.8 517.44 516.91 516 517.18 517.73 515.61 515.09 516.11 518.84 515.86 515.53 515 515.25 514.28 514.57 514.95 515.51 517.58 529.02 522.22 515.32 522.2 529.98 528.82 514.79 518.63 518.31 512.27 512.42 512.66 513.29 513.22 512.74 512.33 512.87 515.1 514.64 514.11 526.95 531.79
519.73 517.88 522.62 525.47 527.83 528.53 528.51 528.83 528.46 524.4 523.54 522.51 520.04 523.65 524.72 523.37 522.2 521.08 522.06 521.43 517.37 517.25 517.13 517.03 520.94 518.43 517.1 516.65 516.73 516.77 516.8 517.2 518.47 517.56 516.7 518.1 519.19 515.94 519.86 516.22 515.38 517.72 515.79 515.14 515.33 515.12 514.96 525.74 527.55 530.36 530.84 523.28 531.34 531.86 532.26 520.88 513.13 513.63 513.23 514.36 512.79 512.63 513.28 513.53 512.89 512.44 512.89 514.75 518 522.88 520.15 536.54
517.99 518.32 520.18 521.2 527.66 527.89 528.38 528.32 526.23 525.13 525.21 520.27 521.83 523.47 520.06 520.49 522.37 519.97 519.6 519.34 519.84 517.35 517.13 516.94 518.28 519.57 517.9 518.27 516.7 516.58 516.23 516.63 517.53 517.17 517.64 518.27 519.26 521.71 521.68 519.94 517.33 515.84 515.34 514.52 515.04 515.22 519.05 522.31 529.78 527.76 531.3 529.97 529.96 532.14 532.58 530.03 518.02 512.64 512.75 512.95 512.87 513.15 513.24 513.18 514.5 515.02 511.69 512.14 512.25 516.61 526.7 527
517.83 518.33 517.28 522.59 522.51 526.45 524.94 527.6 524.79 520.78 519.15 520.55 521.11 520.81 520.47 519.33 521.83 518.45 520.21 518.82 517.32 517.95 517.82 517.17 517.12 517.2 517.62 516.86 516.65 516.69 516.4 516.25 516.66 517.78 518.03 518.4 518.82 522.18 521.55 521.77 522.09 519.54 519.99 516.19 514.81 521.15 525.64 528.91 530.11 531.4 531.88 532.19 522.23 530.11 526.06 524.09 516.71 513.17 512.82 513.65 513.42 513.3 513.49 512.92 512.14 514.74 511.26 517.46 518.49 514.4 521.05 519.32
517.73 517.95 517.78 517.7 517.36 524.13 522.73 525.05 520.39 518.22 519.29 520.44 519.99 520.51 519.84 518.54 519.85 519.75 517.01 518.02 518.28 518.65 518.38 517.96 517.19 516.89 517.3 516.42 516.44 516.49 516.77 516.71 517.62 516.69 517.26 518.08 519.06 521.47 520.79 520.16 519.92 520.34 520.32 514.83 514.46 516.04 527.85 528.35 529.26 531.59 532.07 532.69 532.82 531.89 529.06 513.78 514.11 513.95 513.7 513.24 513.37 513.63 513.09 512.95 512.21 517.32 516.62 519.71 517.44 516.21 520.74 516.97
518.19 518.22 518 517.38 517.26 517.62 519.22 517.67 517.69 518.41 519.83 520.31 519.79 518.9 518.78 518.07 518.09 517.99 518.68 518.11 518.46 519.34 519.32 518.57 517.71 517.06 517.05 516.71 516.6 516.7 516.72 516.72 516.98 517.76 519.77 520.43 521.4 522.58 520.53 521.55 519.28 518.73 518.48 515.96 515.03 527.84 523.31 519.72 530.51 531.29 530.45 532.86 533.12 533 533.16 517.76 514.2 514.14 514.07 513.8 515.84 516.05 514.42 513.05 512.78 511.79 517.64 519.21 518.6 513.79 515.15 515.47
518.4 518.42 518.29 517.91 517.81 517.9 518.2 517.4 517.69 518.02 519.13 518.37 523.24 518.09 518.88 523.69 517.85 518.16 518.62 518.21 518.36 519.47 519.78 518.86 517.94 517.4 517.18 516.82 516.76 516.73 517.17 517.14 517.47 517.18 518.33 520.68 520.45 519.48 517.18 519.16 517.27 517.06 517.05 516.32 515.08 527.03 528.7 524.41 529.76 530.03 531.69 532.75 527.1 531.94 520.44 525.88 530.16 519.61 513.82 512.91 514.34 516.55 516.06 513.94 512.61 517.6 510.66 519.96 519.88 512.65 514.48 513.31
518.29 518.34 518.35 517.84 517.76 518.07 518.24 517.54 517.92 518.74 519.26 519.01 519.04 526.13 522.57 524.13 526.12 517.57 517.54 517.72 518.04 518.43 519.05 519.13 518.36 517.42 517.31 517.67 517.87 516.65 516.87 516.99 517.04 517.28 519.55 517.64 520.32 519.05 518.93 517.15 516.57 516.4 517.78 516.54 514.07 522.73 525.52 524.54 529.5 529.33 531.03 533.28 533.39 533.84 534.34 534.28 529.86 530.73 517.07 512.59 516.07 516.93 516.19 514.65 516.6 514.01 511.46 510.96 515.85 519.05 516.21 513.93
518.33 518.58 518.71 519.19 519.93 520.57 518.44 517.71 518.07 518.74 519.33 519.28 523.13 526.93 527.2 525.83 520.95 524.37 524.39 517.43 517.88 518.36 518.89 519.54 519.09 517.3 517.65 518.72 519.4 516.85 516.66 517.03 517.15 517.69 517.42 516.96 519.03 519.05 519.79 519.08 515.47 515.97 518.86 514.56 515.64 523.83 525.08 527.98 526.21 522.5 533.29 533.71 534.34 534.33 524.89 534.27 517.61 530.93 518.87 511.94 514.49 517.12 516.52 515.73 516.29 510.8 514.98 510.5 515.92 520.52 519.73 511.25
518.81 519.04 518.77 518.86 519.81 520.4 521.29 518.89 517.88 520.26 526.42 526.14 525.34 526.76 528.73 528.09 523.75 522.32 520.14 517.81 517.75 518.4 519.38 519.98 519.92 518.94 516.74 518.27 518.91 516.88 516.7 516.89 517.18 517.18 516.88 516.74 518.05 517.66 519.78 520.15 518.87 514.96 525.22 525.64 517.47 526.53 526.81 527.44 527.52 532.13 533.89 534.19 534.72 534.81 534.51 534.52 533.92 530.32 515.41 511.62 514.21 516.56 517.09 516.14 517.85 519.01 519.2 511.63 518.24 511.1 511.02 516.48
518.08 518.56 518.75 519.07 519.66 520.45 520.79 518.39 517.94 523.04 525.14 525.66 526.86 527.22 528.06 527.11 525.98 525.13 526.72 517.89 517.96 518.2 518.4 519.15 519.5 519.22 516.92 516.57 516.78 516.78 516.68 516.86 516.84 516.47 516.26 516.49 516.55 516.24 515.97 515.48 515.57 514.6 523.3 525.57 526.27 527.01 519.5 517.63 527.83 529.32 533.67 534.02 534.69 533.97 533.78 534.53 530.8 530.39 513.51 514.24 514.23 515.69 515.82 515.64 521.35 518.45 515.33 516.34 511.73 519.09 515.61 517.49
518.13 518.74 519.07 519.15 519.37 519.82 518.78 518.44 519.96 524.04 527.7 527.18 527.87 527.61 528.85 528.65 527.81 524.42 520.17 519.24 518.75 518.25 519.34 518.52 518.24 517.77 517.8 516.73 516.76 516.95 516.86 517.14 516.49 516.16 515.78 515.98 516.01 515.68 515.43 515.62 515.58 523.49 524.9 525.61 526.22 526.86 526.05 525.92 522.05 527.05 531.53 533.64 534.46 534.69 534.34 533.04 532.67 529.07 511.78 512.39 511.15 512.4 515.63 515.36 518.25 517.79 515.46 515.73 518.67 511.21 513.29 517.66
518.82 519.34 519.5 519.31 519.02 519.2 519.65 518.64 518.13 518.95 526.89 526.05 528.27 528.88 528.6 527.17 525.86 525.56 523.19 520.92 519.97 519.05 520.4 518.92 517.56 517.48 516.74 516.55 516.93 517.03 516.89 517.23 516.54 516.23 516.44 516.52 515.72 515.2 515.12 515.59 514.75 524.28 524.92 525.3 525.41 526.21 525.87 516.1 519.27 528.93 531.85 531.13 533.86 531.47 532.67 533.26 530.19 520.45 511.75 511 512.12 511.86 515.66 517.4 514.28 517.46 516.49 516.85 516.77 515.66 514.89 513.04
519.26 519.62 519.8 519.12 519 519.22 519.13 518.7 518.79 521.58 525.48 525.24 527.17 526.49 528.75 529.13 527.52 525.45 520.19 521 520.49 519.85 521.27 520.63 517.49 518.23 517.21 517.76 516.82 516.97 516.86 517.21 516.88 516.96 517.11 516.9 516.57 515.96 515.79 515.51 515.06 521.94 522.96 525.42 525.63 525.69 525.84 526.19 526.62 527.33 520.96 529.06 528.94 532.79 532.33 532.97 531.62 521.33 511.19 510.64 515.68 510.57 512.15 518.7 518.12 517.31 517.29 517.26 517.51 516.91 514.37 512.23
519.71 519.72 519.69 519.17 519.12 518.99 519.16 518.41 518.51 518.17 522.03 526.63 525.64 526.14 527.85 525.68 523.62 521.46 521.57 521.27 520.4 520.25 521.28 519.36 517.48 517.44 517.24 517.19 517.15 517.09 517.05 516.26 515.67 516.7 517.1 517.01 517.02 516.75 516.39 516.09 515.43 515.18 518.56 524.7 525.63 525.97 522.33 526.07 526.15 519.08 526.41 520.18 527.53 531.12 530.32 528.91 530.2 516.3 510.77 513.75 516.22 515.19 516.29 519.26 519.09 517.48 517.4 517.48 517.98 517.28 516.5 514.04
519.72 519.68 519.68 518.46 518.97 518.54 518.54 518.41 518.6 518.56 518.35 525.23 525.67 522.62 521.87 527.25 525.09 523.65 521.77 518.97 518.96 519.77 519.37 518.18 517.25 517.18 518.58 516.94 516.85 518.16 517.81 517.1 516.29 516.51 516.67 516.97 517.45 517.24 517.02 515.23 514.78 514.66 518.4 522.37 523.69 516.15 523.46 523.97 525.7 524.22 529.34 526.36 520.16 519.31 532.55 532.75 531.82 515.5 510.1 511.47 518.94 516.91 512.12 519.54 517.91 517.28 516.45 518.01 517.7 517.27 517.2 516.41
520.57 520.6 519.45 518.4 518.33 518.4 518.46 518.42 518.75 518.95 518.57 518.42 518.24 519.22 520.61 526.78 522.98 521.62 521.16 520.08 519.02 519.47 518.76 517.9 517.25 517.61 517.48 517.48 516.56 517.65 518 517.58 516.87 516.46 516.62 516.93 517.19 516.34 515.8 514.67 514.15 514.17 514.99 514.85 514.36 514.11 513.81 519.64 516.39 523.45 526.68 529.77 527.98 532.25 532.36 532.85 526.97 518.81 522 510.54 522.95 518.13 519.94 517.35 515.38 516.53 515.82 517.27 517.66 517.76 517.03 516.24
521.65 521.32 520.32 518.77 518.58 518.53 518.64 518.6 521.45 523.02 520.15 520.05 521.07 520.24 523.89 521.96 521.16 520.83 517.13 517.76 517.97 518.2 520.22 517.41 517.89 518.7 518.17 517.46 516.95 517.11 517.52 517.54 517.11 516.9 516.67 517.15 516.51 515.84 514.92 514.23 514.03 514.43 514.8 514.85 514.52 514.35 514.61 514.32 512.49 530.46 529.65 518.9 519.08 531.88 531.76 525.9 523.47 518.4 524.51 525.09 525.32 520.66 518.98 511.97 513.02 511.6 513.12 517.16 517.68 517.83 517.32 515.87
520.55 519.78 520.92 519.78 518.87 518.65 518.63 525.53 524.91 527.05 523.36 520.53 519.28 524.1 523.3 522 526.22 524.74 519.86 524.15 523.36 519.8 520.18 518.5 518.5 518.32 517.74 517.35 517.39 517.12 516.83 517.06 517.03 518.12 518.3 520.15 521.53 516.14 515.41 514.19 514.04 513.82 513.96 514.53 514.83 514.56 514.26 513.07 512.39 525.37 529.35 525.96 520.86 524.79 528.99 526.15 525.65 518.38 524.29 523.62 519.54 519.04 519.58 516.64 515.77 511.08 518.84 516.83 516.82 516.58 516.96 516.32
519.02 518.47 518.86 518.63 519.37 520.14 527.69 526.86 526.25 526.99 522.98 529.24 521.71 527.37 525.63 524.2 528.95 523.27 524.27 525.99 524.83 520.5 526.58 518.43 520.57 521.6 520.46 521.82 520.77 517.38 516.82 519.43 522.37 515.97 522.88 522.6 517.94 519.73 522.38 514.93 514.9 513.65 515.03 515.18 515.34 514.57 514.64 512.41 511.83 511.13 516.54 519.79 518.25 525.89 529.44 526.06 525.18 524.83 524.85 522.9 515.65 517.84 515 518.31 519.84 518.73 516.42 515.83 516.33 515.95 516.18 515.46
519 518.64 518.43 518.5 518.7 524.26 525.85 528.25 528.7 526.77 527.99 526.81 529.11 528.16 526.4 530.17 527.51 524.62 527.5 522.29 523.53 525.91 526.58 519.67 522.16 524.55 524.96 522.43 519.73 518.7 517.58 521.8 518.49 524.48 517.94 526.88 526.48 526.61 525.78 516.17 514.69 513.89 515.06 515.78 516.35 515.99 513.07 512.43 511.86 511.45 512.32 518.53 519.45 520.6 511.95 524.71 518.66 523.96 515.24 518.15 517.64 513.91 512.17 515.97 518.75 516.69 515.53 515.53 515.92 515.8 515.5 515.17
523.78 519.76 518.39 518.32 518.16 523.59 525.85 525.37 527.75 527.62 529.22 527.24 527.42 529.68 528.18 529.26 526.9 521.46 528.22 527.31 527.36 527.35 527.36 527.63 519.93 522.58 526.15 524.3 519.89 526.17 520.76 518.75 521.5 525.09 526.4 525.03 526.5 526.41 524.66 515.66 514.09 515.19 514.66 515.4 514.23 518.07 519.39 514.26 512.06 511.96 515.39 515.08 518.36 521.39 525.08 522.58 518.56 516.16 519.27 515.34 510.75 513.11 515.47 515.88 516.83 516.24 515.95 515.9 517.66 516.99 515.91 513.53
528.32 522.82 518.6 518.43 523.41 526.64 526.09 526.56 528.86 527.98 528.67 529.27 528.48 528.6 529.58 530.68 531.44 528.96 530.46 526.76 526.43 523.17 525.77 523.99 527.49 528.77 527.36 529.4 526.86 526.53 519.93 523.03 524.65 525.89 526.1 526.11 526.3 526.22 514.55 519.25 521.5 522.7 515.4 515.54 515.49 516.11 518.88 517.45 513.75 512.85 515.39 517.92 518.01 515.2 518.92 517.62 517.8 517.76 515.68 510.92 513.55 513.22 515.33 516.07 516.17 516.3 516.69 516.67 518.89 517.93 516.63 515.55
525.38 519.4 520.37 521.49 525.11 525.24 526.86 526.92 527.41 527.87 529.33 530.2 530.11 529.36 529.4 530.64 530.49 529.87 530.15 528.25 526.76 523.23 526.22 526.03 527.45 529.83 529.69 528.27 527.68 519.89 519.69 520.25 523.62 524.56 525.28 525.81 526.12 526.09 526.07 523.18 515.54 516.1 515.97 515.91 514.69 515.37 517.7 517.45 516.75 513.7 514.35 513.87 514.94 518.46 517.85 516.07 515.53 515.38 512.2 510.31 513.6 514.78 515.82 516.81 517.45 516.84 516.87 517.63 518.44 517.96 517.47 517.47
520.67 521.45 519.09 522.49 525.61 526.44 526.44 527.02 527.91 528.22 526.71 529.06 528.68 527.83 528.78 531.43 531.07 529.98 527.43 527.85 523.03 525.58 526.95 527.99 528.74 529.55 529.64 527.94 522.49 523.61 520.78 522.27 523.35 524.3 524.82 523.77 523.43 518.63 515.88 514.42 518.96 515.38 515.48 515.62 515.69 514.31 516.87 518.89 518.91 517.87 515.5 512.57 512.67 513.08 518.28 515.42 514.91 514.3 510.52 514.15 514.78 513.04 516.47 517.95 518.82 518.27 518.62 517.7 517.95 519.95 516.77 516.82
523.5 518.71 519.25 519.18 522.18 525.92 527.78 525.18 525.41 528.46 526.88 528.86 528.93 528.75 529.72 528.47 530.23 528.78 528.17 518.97 525.65 526.59 525.73 527.19 526.5 529 529.61 528.41 524.38 525.48 521.1 521.03 521.4 524.11 525.28 519.82 516.45 518.07 526.28 524.44 518.8 515.36 516.27 512.26 511.98 519.1 518.23 514.9 517.92 516.36 517.77 514.98 516.35 517.3 517.13 516.6 513.56 515.74 516.09 510.31 511.19 514.46 516.84 518.77 519.12 517.97 517.38 516.9 516.25 516.54 517.08 517.12
522.73 521.47 519.5 519.55 522.66 521.6 523.79 525.82 526.25 528.26 528.39 529.33 529.41 527.29 529.44 527.68 527.84 527.96 529.25 524.9 523.94 526.57 524.68 524.98 527.83 524.38 527.36 526.45 526.04 524.08 523.1 517.37 522.79 523.86 524.83 524.63 518.02 516.14 519.25 516.8 513.92 514.7 516.53 515.27 513.71 512.28 515.1 518.73 518.17 517.71 517.62 518.42 518.85 517.9 517.78 516.45 510.3 514.18 511.48 510.43 510.51 516.12 516.28 518.63 517.77 516.67 515.23 516.91 516.68 517.26 517.73 518.01
528.13 519.16 519.85 520.39 519.96 518.64 522.42 525.65 526.05 525.38 528.18 528.33 527.26 528.72 528.92 529.67 528.23 526.06 526.88 522.75 519.85 523.7 518.69 517.07 522.64 525.8 524.4 525.25 526.07 524.11 522.84 521.59 519.87 523.78 525.26 525.55 526.8 517.33 527.14 518.56 512.84 513.04 516.63 516.02 514.87 511.7 516.35 515.13 518.98 519.77 518.91 517.6 515.3 511.8 515.78 518.16 514.26 513.41 510.47 510.36 510.22 513.14 515.13 517.68 513.27 516.61 517.23 517.13 517.47 517.89 517.9 517.91
521.21 525.72 521.88 520.85 521.38 519.8 525.26 527.76 527.27 528.31 527.33 528.48 528.42 529.3 529.98 528.53 527.05 526.5 522.94 526.26 523.81 520.56 521.18 523.22 529.19 524.49 523.73 524.3 524.34 527.68 522.5 520.1 523.27 524.89 525.82 527.6 527.09 522.36 518.85 520.48 513.51 512.58 516.59 515.92 513.93 512.61 518.5 517.82 519.03 520.54 520.28 518.06 517.53 511.1 515.95 512.5 516.11 512.08 513.21 511.87 510.33 510.25 514.26 517.96 517.42 517.85 517.02 516.77 518.22 517.9 517.95 518.18
525.89 522.14 520.02 520.6 520.61 521.73 526.4 526.64 527.85 528.38 528.69 528.31 528.95 529.06 527.45 528.98 525.86 524.7 526.61 528.5 527.17 532.57 526.82 536.45 537.86 532.07 525.18 525.19 525.5 528.91 525.85 522.34 527.9 524.43 524.83 525.03 524.82 518.41 514.87 521.4 514.67 515.23 515.95 515.3 514.95 515.94 517.89 517.93 518.47 519.31 518.71 519.57 519.09 518.83 518.03 517.91 512.34 513.33 513.04 510.77 510.45 510.23 513.18 511.27 518.74 519.14 518.44 514.55 517.37 516.96 517.84 518.62
523.33 521.28 518.87 520.44 520.28 522.01 525.54 528.17 527.62 528.24 527.98 528.49 526.6 528.57 527.12 529.37 527.29 524.98 524.76 524.99 531.37 535.12 537.54 536.1 537.73 538.69 536.85 535.63 531.03 525.53 523.43 528.01 525.49 520.29 524.61 524.46 524.8 518.61 518.31 513.84 513.44 513.82 514.84 515.12 515.17 515.01 515.17 516.23 512.82 515.68 517.59 518.35 518.64 519.63 518.43 518.25 512.44 513.26 511.81 510.25 510.21 510.35 510.33 514.22 517.37 520.14 520.02 515.56 517.78 517.49 518.01 519.74
525.55 522.13 519.52 521.88 521.57 525.88 524.09 526.21 526.93 528.15 526.98 527.64 526.7 528.74 519.97 523.33 526.15 529.49 529.33 530.81 531.16 535.8 537.42 538.62 538.66 538.21 536.91 535.33 528.89 526.4 529.32 529.61 530.41 520.11 518.49 522.96 521.61 519.03 519.57 513.34 512.98 512.89 512.86 513.91 514.04 512.48 513.39 514.29 517.21 517.78 518.44 518.18 518.08 519.18 519.17 512.18 517.15 514.17 513 511.91 513.3 511.08 515.01 514.75 518.99 520.07 520.44 518.88 518.07 518.27 518.67 519.41
