tests/GridSurface/491_929.asc
ncols 124
nrows 1000
xllcorner 491876
yllcorner 929000
cellsize 1
nodata_value -9999
[rows 96 to 127 of 1000, columns 0 to 71 of 124]
551.74 545.54 526.56 524.82 526.07 526.93 531.48 552.21 550.66 537.42 532.27 555.65 553.65 551.55 546.7 542.53 541.44 548.68 539.79 553.54 540.68 544.95 548.74 548.89 552.91 553.42 536.96 537.95 539.93 530.04 530.59 528.69 528.13 528.18 527.42 526.88 526.59 525.73 526.31 527.37 530.81 526.71 525.67 526.93 527.85 527.64 541.48 530.01 539.43 543.37 543.6 543.77 544.36 544.43 544.21 539.59 534.74 535.09 535.64 541.55 540.46 548.04 546.36 551.21 544.41 562.1 536.49 568.04 526.48 554.47 569.04 570.59
542.65 532.97 526.95 525.59 524.19 524.1 527.28 551.94 551.77 551 526.47 553.08 548.66 541.26 545.67 536.01 539.49 529.8 538.36 553.59 550.05 549.23 550.98 550.71 553.16 550.3 553.06 552.9 527.14 527.78 528.18 527.33 527.68 527.72 527.61 526.23 528.99 527.61 526.4 528.29 533.66 526.37 526.61 526.61 527.23 528.2 531 542.47 542.4 543.08 543.52 543.8 544.31 544.46 544.41 543.79 540.78 539.23 541.25 542.25 542.72 540.22 539.85 539.43 536.72 545.4 540.82 527.02 526.15 546.8 568.58 570.51
538 526.9 532.41 529.38 524.27 523.75 523.72 535.66 555.18 554.23 530.76 546.98 535.42 535.68 533.24 525 527.06 550.85 554.72 554.7 553.96 553.01 551.47 553.72 537.78 553.32 552.9 552.56 542.39 526.56 526.79 527.12 527.21 527.51 526.96 525.45 530.32 524.13 525.19 525.14 527.17 525.22 527.5 525.03 526.85 529.64 533.83 540.24 531.23 542.9 543.34 543.77 544.05 544.33 544.4 542.6 534.3 532.42 539.11 541.28 542.32 538.53 534.37 539.07 534.14 526.78 531.91 529.61 535.01 536.49 559.11 568.86
536.74 538.59 527.9 536.56 525.69 526.65 524.74 530.46 550.1 552.31 552.63 540.36 526.46 524.58 525.57 525.24 526.65 539.61 554.58 554.09 553.33 551.64 550.31 553.1 553.53 536 552.86 552.2 534.87 526.54 526.7 526.02 525.66 524.58 524.46 525.59 527.33 524.78 525.53 527.75 528.28 528.56 529.62 529.71 528.06 526.91 529.94 537.07 542.36 541.89 542.45 543.26 542.84 543.35 543.43 535.61 528.96 528.75 528.88 535.27 538.16 537.71 530.37 535.4 527.83 528.22 531.84 538.92 535.29 540.79 557.09 560.49
526.85 524.01 541.53 524.4 525.68 525.58 526.32 537.31 533.75 525.31 547.8 545.67 526.36 524.93 524.08 525.73 527.62 528.58 553.08 552.89 552.79 549.36 547.37 548.75 551.27 552.06 527.34 526.39 537.56 526.91 527.01 526.35 524.51 524.05 524.21 524.67 525.15 525.36 526.88 526.89 528.94 529.81 530.23 531.04 527.59 528.73 529.46 531.94 533.78 530.32 531.22 542.44 542.46 542.48 535.07 534.64 528.9 528.68 529.1 528.7 529.24 530.19 529.02 529.67 532 538.22 538.77 546.94 546.73 545.54 557.13 555.92
525.4 526.47 524.66 525.71 525.66 526.95 528.54 528.43 543.07 527.64 526.91 532.01 525.59 525.41 523.67 525.56 526.58 537.55 545.65 550.16 550.31 545.84 535.88 547.23 546.03 538.03 530.31 528.23 526.73 527 527.07 526.11 525.4 524.62 524.32 524.52 525.02 525.17 526.62 528.79 529.53 530.05 530.2 529.65 528.96 525.98 527.91 532.87 533.91 538.55 539.83 541.54 537.7 542.15 535.91 528.18 528.51 528.53 530.33 529.17 529.3 530.51 537.03 539.46 539.5 537.34 542.14 533.74 551.43 552.18 559.3 559.35
525.7 526.19 524.65 524.41 524.78 527.46 529.61 529.24 528.57 527.87 526.9 524.24 524.08 524.68 523.7 524.61 525.07 527.47 528.13 539.73 534.1 542.44 538.9 538.62 541.77 537.88 530.24 528.32 526.51 526.68 526.83 525.71 525.98 524.73 524.58 524.81 525.95 526.52 527.83 528.63 529.02 529.44 529.67 528.53 525.88 526.78 527.55 529.17 530.78 539.62 540.56 541.28 541.5 541.42 538.52 532.62 528.28 529.99 529.99 528.65 525.9 530.24 541.46 544.93 543.19 527.37 525.88 551.61 552.94 559.43 559.91 560.44
524.67 526.49 526.09 525.19 526.22 527.44 530.42 528.19 529.2 528.07 524.39 524.16 525.35 526.31 524.71 523.95 524.29 524.63 524.83 524.19 524.24 530.28 538.66 537.86 535 534.22 530.7 527.72 526.69 526.51 526.54 524.9 525.18 526.73 527.22 526.77 525.81 528.34 528.24 527.98 528.74 529.09 528.96 528.24 526.18 527.16 527.55 531.78 533.93 539.37 540.7 541.31 541.09 540.99 527.06 530.27 527.95 528.09 532.48 527.31 539.55 529.7 543.58 548.15 541.61 530.67 528.22 554.97 557.49 560.35 560.99 561.81
526.63 526.93 526.49 524.89 525.29 527.76 530.1 529.42 529.8 527.09 527.59 527.48 527.58 526.57 526.22 524.02 524.1 524.27 524.25 524.29 531.68 531.75 534.55 535.33 534.23 535.39 536.03 528.04 531.07 526.44 525.63 524.59 524.91 526.2 527.53 527.89 527.47 527.86 527.99 528.62 528.87 528.58 528.06 527.66 527.9 528.21 528.79 528.77 532.46 532.61 533.41 536.37 540.06 537.75 534.28 538.06 535.67 528.36 530.52 535.77 544.13 541.76 541.53 549.21 549.21 545.74 529.23 552.9 559.15 560.42 561.25 561.48
528.69 529.42 525.27 527.12 526.12 529.2 527.71 529.66 524.14 525.58 524.5 527.64 527.42 527.86 525.82 524.7 524.7 524.26 524.41 524.44 526.66 537.31 536.93 537.49 534.96 530.26 535.48 532.17 530.13 525.1 524.55 524.57 525.65 527.57 527.58 527.72 527.57 527.54 527.7 528.47 527.75 527.5 527.42 526.66 527.74 526.77 529.25 528.51 528.71 528.99 528.7 526.71 533.8 533.62 534.45 538.1 538.59 533.67 540.12 543.38 547.06 541.73 545.31 538.65 549.78 544.53 529.54 550.18 555.3 556.27 560.4 560.25
531.9 545.42 527.23 530.13 530.41 526.77 524.42 524.32 524.34 525.4 527.27 526.99 526.81 526.48 526.22 525.16 524.26 524.27 524.38 524.45 527.13 528.26 535.36 537.7 537.66 537.47 541.03 529.14 527.09 524.79 525.89 525.23 528.79 526.98 525.61 527.81 527.73 527.55 527.38 527.4 527.24 527.19 527.21 527.3 528.44 527.11 529.42 528.59 528.76 526.44 528.58 526.58 525.27 536.88 537.71 538.29 530.09 536.94 537.3 546.1 546.61 546.95 534.56 544.46 550.09 550.25 542.58 535.04 542.72 552.57 552.38 556.67
542.79 548.33 549.73 539.43 531.31 527.49 526.01 525.28 526.6 527.82 526.84 526.93 525.71 525.41 527.16 527.27 527.23 524.41 524.47 524.54 532.3 531.01 536.11 535.36 533.67 547.46 547.2 530.35 533.49 524.74 539.92 531.48 529.49 524.82 525.66 527.36 527.87 527.92 527.83 528.26 527.61 527.54 528.1 528.87 528.29 528.09 528.63 528.56 527.75 530.51 531.05 524.99 525.03 535.14 537.63 538.18 537.27 542.19 544.66 541.44 546.53 546.66 548.38 548.27 548.47 549.43 550.69 550.9 560.35 559.32 555.62 553.17
547.72 547.5 551.73 549.35 533.51 543.72 541.96 528.86 527.77 527.4 524.7 526.28 527.01 524.45 526.54 528.46 526.86 528.42 524.5 524.56 527.54 530.7 533.23 531.98 528.46 544.28 541.95 530.44 537.86 548.81 546.88 537.38 531.61 527.08 525.03 525.13 526.21 526.15 527.6 526.47 528.09 527.54 527.86 527.53 527.86 528.57 526.24 527.92 528.5 529.8 529.74 525.77 527.65 534.8 538.33 540.29 541.87 541.78 530.83 545.26 537.82 546.13 549.87 551.11 551.17 549.55 551.02 559.65 560.34 560.85 556.08 557.11
551.05 549.77 551.43 551.96 552.57 546.53 549.31 544.01 525.54 524.91 524.66 525.66 524.54 526.36 526.81 527.88 532.01 532.47 528.6 525.03 528.01 527.41 527.62 547.8 528.17 535.47 550.57 551.24 545.08 550.67 550.92 548.15 538.51 526.03 525.09 525.27 525.77 526.43 526.17 527.71 527.47 526.78 527.15 526.97 527.04 526.62 525.65 527.85 528.44 528.16 525.7 528.53 528.7 535.5 537.96 537.36 540.42 541.54 545.83 545.38 545.72 542.99 550.28 551.04 550.99 550.73 552.19 557.19 560.33 560.57 560.87 560.33
551.99 534.22 552.24 555.17 554.76 554.26 552.48 549.36 530.55 526 526.6 527.65 525.35 529.02 530.64 532.43 534.87 536.04 533.68 526.23 527.09 530.23 543.24 544.85 539.72 530.7 547.36 545.18 552.04 552.02 552.5 549.22 539.49 525.01 525.49 527.94 528.42 528.49 526.84 527.61 528.2 525.2 525.07 526.67 526.6 526.16 525.86 527.57 527.71 527.68 527.06 529.18 529.04 536.1 535.1 536.24 535.05 540.59 539.94 542.51 532.72 541.73 540.32 550.9 550.66 550.49 544.96 554.93 559.97 560.35 559.85 558.7
529.52 532.44 548.78 554.57 555.78 554.91 549.54 549.77 545.52 524.73 525.09 526.71 528.38 530.6 534.1 534.58 536.26 536.43 535.32 532.04 529.47 528.99 540.8 543.81 552.91 552.2 550.64 546.54 553.39 553.24 553.09 549.08 537.03 525.16 525.35 527.87 528.26 528.27 526.92 527.81 528.27 526.35 525.1 525.33 525.4 525.36 525.91 527.59 528.55 528.98 527.51 528.94 528.98 530.68 533.49 534.69 530.07 537.54 532.32 541.9 543.06 543.42 538.72 550.22 550.39 550.32 537.78 552.56 558.12 559.48 557.42 555.56
554.82 555.36 553.96 555.7 555.72 555.53 552.63 548.08 534.92 525.99 525.93 524.69 526.59 529.85 533.27 535.3 536.77 537.01 536.04 534.23 531.64 529.21 552.11 550.77 554.05 553.29 552.86 553.73 554.01 553.39 553.65 550.02 546.59 530.57 528.05 531.26 526.93 526.77 526.18 527.86 527.71 525.84 525.33 525.76 525.45 525.39 526.96 528.64 529.07 528.8 528.34 533.12 534.78 528.55 530.99 533.36 532.95 541.91 542.87 543.72 544.51 542.69 541.21 548.98 550.03 549.76 547.2 553.75 556.26 555.3 554.55 553.11
550.58 556.22 556.74 554.81 555.49 555.17 555.42 539.5 529.35 524.83 524.79 525.75 526.46 530.23 533.26 537.42 537.71 537.52 537.01 535.68 530.19 543.34 549.01 552.78 553.88 553.72 553.42 553.93 553.97 551.16 553.62 552.39 549.48 532.25 544.99 540.79 531.13 527.6 527.74 528.04 527.64 527.11 527.21 527.16 525.49 526.4 527.79 528.64 528.8 529.2 528.31 530.47 536.96 534.85 540.93 532.55 534.32 537.17 543.46 542.54 540.76 541.12 530.19 548.66 549.01 549.42 549.91 553.84 554.31 552.97 551.89 550.58
534.88 556.61 557.02 550.63 544.6 555.36 555.01 550.72 536.15 525.23 529.68 537.62 525.76 530.72 533.68 535.72 537.06 537.43 537.23 537.4 535.01 530.21 550.4 550.38 548.97 553.64 553.75 550.31 554.27 553.33 553.27 552.73 545.17 545.13 533.37 547.21 544.84 541.55 539.57 530.36 528.94 527.53 527.87 527.83 525.79 528.26 528.61 528.4 529.04 529.29 529.28 541.82 540.82 540.81 546.42 544.56 540.21 540.3 542.55 536.86 537.53 537.46 525.91 541.38 540.21 548.73 548.39 550.52 551.34 551.66 550.69 550.09
549.86 533.6 537.95 556.97 555.31 554.78 555.65 545.53 554.91 554.05 531.48 548.04 527.33 527.13 534.76 535.66 538.3 536.99 541.09 543.1 538.68 531.33 544.65 551.4 545.12 554.09 554.16 554.12 553.97 553.33 553.37 548.52 546.84 545.19 530.03 543.84 548.04 548.06 547.51 530.63 530.51 526.08 527.45 527.36 526.49 528.43 528.05 529.29 530.36 528.86 534.21 526.89 525.61 535.51 551.23 549.51 551.29 543.24 542.92 538.57 538.67 538.22 543.98 531.05 535.55 536.85 538.03 547.3 551.16 551.23 550.71 550.24
539.81 535.91 534.62 556.38 555.42 551.09 554.87 555.58 554.29 553.5 552.31 534.95 527.56 530.67 534.44 535.79 541.57 545.75 542.42 541.36 542.84 544.27 549.27 551.8 553.73 553.49 554.17 554.17 553.98 552.1 550.96 549.12 548.93 549.24 549.85 549.01 548.31 548.48 548.57 543.98 530.06 525.52 525.97 525.72 525.73 526.51 528.95 527.68 533.67 540.22 548.22 539.3 530.21 549.52 546.37 547.31 551.1 542.21 543.78 534.28 541.08 540.97 549.02 539.52 537.75 536.71 537.76 548.08 551.35 551.59 551.37 550.7
527.59 534.35 544.96 541.57 555.7 554.51 552.08 551.98 552.82 553.64 553.01 551.26 542.51 531.37 543.07 533.32 541.04 544.68 547.99 544.99 539.01 543.78 547.92 546.32 553.28 553.1 553.65 553.99 552.54 543.81 550.77 550.75 550.23 549.82 549.65 549.72 543.4 548.95 547.77 547.48 538.5 525.64 525.68 525.69 525.98 525.71 527.2 530.02 529.79 538.23 547.45 532.31 537.57 537.1 549.75 540.01 550.69 546.01 546.53 543.88 539.17 547.42 550.41 550.31 539.42 545.79 549.17 544.38 551.28 551.54 551.25 551.13
536.56 527.44 553.95 537.6 528.76 537.43 551.2 553.66 551.53 552.84 552.48 548.04 538.82 533.82 541.78 540.15 537.34 537.5 547.05 546.28 546.67 542.18 540.16 536.95 550.23 547.82 552.75 552.16 546.97 542.67 544.99 544.34 549.56 549.77 546.53 549.26 540.98 540.06 547.1 545.57 535.84 530.38 527.9 528.25 527.47 526.08 543.12 536.91 532.6 538.63 550.99 550.72 550.73 550.26 548.06 550.81 549.85 541.11 548.78 533.73 537.44 549.77 550.25 550.24 550.12 550.07 548.1 550.3 550.53 550.87 551.28 550.39
552.28 531.3 531.93 528.41 553.64 539.81 553.61 551.67 540.95 551.98 551.49 540.74 530.41 535.68 541.21 547.79 548.15 547.32 548.45 547.58 545.44 545.58 543.58 543.87 548.58 548.12 551.47 536.77 537.32 527.18 545.32 544.79 541.66 549.43 549.89 551.37 551.07 534.02 553.41 551.25 549.32 532.66 549.41 548.3 528.16 525.87 525.83 537.34 532.58 541.87 550.6 550.58 550.82 551.2 549.8 550.24 547.8 549.96 545.75 542.23 546.64 549.55 549.82 549.76 549.9 541.8 549.94 537.39 546.87 550.17 534.99 548.59
557.51 536.22 535.61 539.04 558.43 547.6 556.46 553.43 549.98 550.74 548.75 544.56 536.52 541.66 544.34 544.88 546.4 548.89 547.48 548.68 547.31 545.38 543.88 537.49 539.39 546.63 547.7 548.39 530.2 536.19 546.05 541.2 539.43 549.87 550.57 552.65 552.55 551.15 550.85 547.93 548.58 541.1 546.93 539.33 527.9 536.31 525.68 543.26 549.76 550.24 545.11 550.44 550.78 551.66 549.18 539.34 550.03 548.69 544.03 535.74 546.5 541.73 549.55 549.83 550.13 545.26 542.54 539.77 535.31 532.68 548.32 528.84
542.88 549.99 530.26 528.24 537.73 554.71 556.71 550.39 549.54 549.39 547.9 546.34 544.08 540.79 544.58 546.88 538.06 545.28 548.7 548.69 548.09 546.49 542.87 538.16 530.11 536.26 543.16 546.65 550.21 549.84 547.94 541.45 549.32 549.71 548.42 546.65 553.8 553.76 547.46 545.7 544.62 551.63 549.76 535.26 528.58 536.22 542.66 530.04 549.57 548.05 550.55 550.83 552.37 552.18 550.46 536.26 551.25 549.12 543.68 539.77 542.69 536.33 545.42 534.32 539.98 541.6 539.08 535.83 534.59 534.65 532.84 526.67
529.85 544.98 533.11 543.31 562.31 564.22 545.81 548.61 548.82 548.61 547 545.7 545.47 543.28 538.17 542.63 546.59 550.23 546.67 551.2 550.99 546.03 545.35 538.99 531.88 530.75 538.49 548.6 550.23 549.69 549.3 549.56 549.68 549.75 548.05 553.03 553.09 553.4 549.57 549.6 551.08 552.85 549.27 540.8 539.64 537.07 527.9 529.31 526.03 536.9 550.97 551.01 550.51 550.81 550.83 549.67 549.17 549.06 541.44 549.44 547.42 546.57 531.48 535.24 549.68 539.52 539.7 539.62 539.49 540.89 534.71 532.32
531.15 539.79 529.57 549.3 559.69 564.43 548.08 550.98 548 548.25 547.59 546.27 546.71 545.78 544.53 539.3 542.62 546.41 548.34 551.55 552.92 543.1 549.96 542.08 531.74 527.4 528.96 545.61 539.37 549.37 548.92 549.47 550.27 544.51 549.53 545.89 550.41 552.65 552.55 548.67 553.63 553.57 553.26 551.61 544.78 544.34 544.23 529.3 528.79 526.98 539.81 549.86 550.28 550.65 550.97 550.53 549.19 548.92 537.5 549.37 545.85 548.42 531.51 537.67 544.09 539.61 539.86 539.55 539.52 537.42 532.15 542.84
552.28 549.47 535.2 551.54 564.43 564.53 539.73 534.39 553.67 555.24 547.44 547.44 547.98 547.49 545.44 540.6 547.19 540.81 553.94 552.82 551 548.41 546.07 533.07 532.43 531.17 526.8 528.12 548.27 549.01 548.5 546.2 546.41 544.21 551.86 550.23 550.09 552.76 548.95 553.44 551.5 553.05 547.96 549.51 544.08 544.05 539.92 534.14 526 526.04 525.86 544.49 543.23 550.94 550.78 549.96 548.82 540.08 538.94 533.91 528.19 527.71 527.84 537.22 540.65 540.42 540.9 539.47 535.37 546.59 531.89 545.12
561.79 563.2 532.92 550.58 563.9 562.61 540.45 532.77 556.47 549.81 543.15 547.01 547.63 547.04 540.41 532.94 535.58 541.37 543.42 553.56 553.3 553 535.28 533.66 533 531.09 538.8 539.45 531.37 534.09 542.31 548.45 537.83 530.91 548.6 552.27 553.44 553.39 553.19 550.05 548.51 552.45 552.39 547.19 542.69 531.89 532.07 526.05 526.53 527.12 525.96 535.69 543.85 545.89 548.79 544.58 546.61 549.1 539.46 533.79 531.94 533.12 529.45 541.86 542 542 541.61 538.66 529.24 545.13 528.87 544.94
553.25 542.66 562.89 563.34 542.86 543.04 541.24 554.34 551.7 554.08 541.84 544.07 546.51 546.28 531.24 530.1 544.63 554.22 544.96 549.44 551.52 551.15 548.1 537.31 528.75 530.31 541.61 543.17 539.28 546.24 534.48 546.92 544.19 539.34 547.62 551.38 553.66 553.3 552.71 550.3 552.18 551.41 544.77 543.49 535.92 525.97 526.08 526.13 527.02 527.08 526.08 526.07 528.9 548.63 529.23 529.69 540.13 536.89 532.07 532.57 532.52 541.41 533.31 534.56 544.55 542.35 546.78 541.87 535.78 551.74 552.02 552.23
529.89 561.66 561.98 551.48 557.77 557.66 550.78 551.08 561.13 546.05 549.31 542.45 541.89 539.16 537.91 531.11 532.84 552.88 550.55 554.35 553.98 552.18 539.79 546.34 529.88 534.05 536.43 546.2 546.84 547.96 550.86 534.23 548.04 552.98 542.33 553.46 553.79 553.8 550.95 549.35 550.4 545.23 544.08 543.71 538.82 526.05 526.12 526.03 526.18 526.16 526.15 526.11 529.86 528.46 528.49 530.02 530.82 531.01 530.02 531.53 534.95 544.33 536.26 543.52 553.37 554.05 554.27 544.13 550.88 548.67 552.05 552.29
