tests/GridSurface/491_929.asc
ncols 124
nrows 1000
xllcorner 491876
yllcorner 929000
cellsize 1
nodata_value -9999
[rows 448 to 479 of 1000, columns 0 to 71 of 124]
-9999 -9999 534.91 528.75 526.67 508.81 510.34 511.24 509.4 513.19 510.43 509.8 509.31 511.56 512.91 514.49 514.66 512.11 510.05 510.01 509.7 510.16 510.45 510.33 510.15 511.06 512.51 512.94 512.85 511.85 510.58 510.36 510.79 515.04 520.47 521.1 514.84 512.71 512.54 511.91 510.48 510.33 510.32 510.04 526.38 526.28 535.36 526.03 529.48 537.49 529.08 514.1 529.53 535.77 539.71 535.21 538.32 537.75 536.74 534.91 520.65 511.32 538.23 541.28 542 542.43 542.25 542.17 541.99 537.78 540.93 537.68
-9999 -9999 518.29 536.43 516.53 509.33 511.69 511.72 516.67 515.32 510.95 513.12 509.74 509.72 509.63 510.97 514.26 511.71 511.25 510.47 509.86 509.78 509.71 510.31 510.03 509.95 510.41 512.19 512.63 511.53 510.18 510.32 510.55 518.95 520.99 520.88 514.81 513 513.55 512.63 510.79 510.55 510.49 510.49 528.8 537.7 539.4 540.23 537.8 527.41 511.06 511.75 511.9 512.8 537.87 538.23 538.06 536.96 533.79 512.32 520.35 517.99 524.51 539.61 541.11 542.46 542.08 540.98 542.26 539.52 539.05 535.29
-9999 -9999 531.68 533.53 517.74 509.76 511.79 513.25 518.42 517.05 510.47 511.32 509.48 509.37 509.66 510.07 512.7 513.21 512.05 511.74 510.28 510.16 510.75 510.81 510.46 510.36 509.86 509.75 511.32 510.14 510.28 510.26 516.03 519.05 520.12 520.33 514.45 513.01 512.96 512.28 510.44 511.65 510.91 523.84 531.39 540.39 541.06 541.69 539.05 532.9 521.11 511.58 512.24 512.24 527.23 512.79 529.62 538.22 518.15 516.28 530.25 531.23 515.09 539.18 540.26 541.34 542.27 542.25 541.55 540.58 536.3 531.32
-9999 -9999 534.1 533.03 510.58 510.27 512.87 513.17 515.34 515.84 513.69 512.01 510.06 509.64 509.62 511.42 510.15 510.99 512.04 511.6 511.44 510.9 511.18 511.25 510.87 510.57 510.29 510.02 509.76 509.92 510.42 514.2 512.19 510.94 517.38 518.19 511.06 512.15 511.42 510.95 510.27 512.89 511.45 522.02 529.9 537.86 540.7 540.56 538.85 526.38 511.64 512.12 512.39 512.12 532.47 510.18 514.12 528.34 526.12 533.16 520.06 530.5 533.77 539.4 540.05 540.47 539.51 541.11 540.8 536.6 530.44 518.71
-9999 -9999 524.69 519 510.65 511.78 514.15 514.08 516.23 510.05 515.27 510.56 510.9 510.31 510.37 509.9 510.13 512.16 512.89 511.69 511.89 511.64 511.56 511.5 511.44 511.36 511.16 510.51 510.07 509.87 509.43 510.37 510.16 510.71 510.98 511.64 510.38 510.27 517.87 510.57 510.79 516.62 512.48 527.39 515.03 540.93 537.78 539.34 537.65 535.2 511.43 511.21 523.94 525.97 514.16 527.99 520.18 514.06 523.6 530.16 532.03 534.9 531.74 537.15 532.78 528.86 534.29 536.85 533.96 536.01 529.04 517.52
-9999 -9999 520.15 514.34 513.22 511.34 513.94 513.37 511.74 510.53 511.64 511.96 511.33 510.33 510.92 510.44 510.26 510.59 513.16 512.41 511.84 511.62 511.67 512.1 511.25 511.19 510.95 509.98 509.75 509.88 510.02 510.4 510.76 509.95 510.47 521.55 510.67 510.33 530.32 511.64 517.76 528.63 520.65 522.59 538.22 535.75 539.07 539.03 534.08 530.81 510.74 510.33 525.71 517.7 532.96 534.58 526.44 512.36 523.43 535.13 535.06 532.97 530.9 531.11 510.88 510.29 522.93 514.86 532.78 533.29 521.25 528.5
-9999 -9999 523.96 514.42 513.77 512.32 514.8 514.06 510.68 511.23 509.56 512.45 512.89 509.89 510.47 511.18 510.57 511.1 512.09 512.03 511.76 511.24 511.05 511.08 510.97 510.81 509.97 510.06 510.37 510.18 511.27 511.59 510.97 509.64 510.74 521.12 511.26 524.83 513.12 509.7 530.62 520.4 510.04 510.72 521.33 532.92 536.97 532.49 516.57 516.1 510.01 510.51 521.89 515.26 533.41 533.69 535.21 517.45 530.27 535 533.95 531 531.04 522.03 509.75 509.29 509.31 524.88 527.89 525.24 531.46 528.73
-9999 -9999 514.09 513.3 513.36 515.03 516.13 515.02 512.19 511.65 510.17 513.54 514.26 512.69 509.23 510.94 512.01 512.15 511.98 511.68 511.45 511.28 511.26 511.08 510.96 510.89 510.39 511.22 511.35 511.6 510.88 511.59 511.34 510.7 515.29 521.79 531.02 533.95 531.49 528.21 527.43 515.89 512.11 510.67 510.39 510.2 530.13 524.04 523.92 511.86 510.21 529.54 532.85 532.67 533.26 534.25 534.84 534.76 534.68 534.47 530.59 529.34 511.68 510.38 509.8 509.6 516.11 516.13 531.37 532.97 534.78 523.43
-9999 -9999 515.49 516.77 514.03 514.35 516.38 515.96 514.9 513.15 514.55 515.86 514.77 513.76 511.84 511.51 512.05 512.16 511.65 511.77 511.49 511.26 511.5 511.59 510.86 510.97 511.11 510.32 510.32 511.16 509.6 510.53 511.77 511.6 511.63 519.08 530.13 532.06 533.12 521.63 528.98 519.91 517.57 528.23 516.66 530.54 530.48 518.54 514.65 510.55 510.71 528.61 520.14 532.37 535.23 534.75 535.08 535.32 535.15 531.19 533.17 529.71 521.34 524.81 510.06 509.88 522.89 526.17 535.13 532.43 534.76 535.41
-9999 -9999 513.47 516.24 514.97 514.74 515.56 515.73 513.29 514.2 515.91 515.69 514.24 514.56 511.6 511.3 511.59 511.31 512.55 511.73 511.47 511.07 511.46 511.5 511.2 510.73 511.07 513.59 509.77 510.56 509.69 509.86 511.78 511.64 514.55 513.74 527.29 533 532.51 533.62 534.23 522.87 517.1 513.45 509.85 512.53 509.58 512.1 511.75 510.44 510.33 510.35 516.66 523.15 530.67 534.51 534.17 535.93 535.59 533.38 531.63 530 516.56 522.5 510.47 514.96 515.71 533.16 536.81 536.11 536.57 536.27
-9999 -9999 514.44 513.6 514.1 514.78 515.17 513.22 514.74 514.66 514.39 514.09 514.55 513.53 511.7 512.48 511.79 512.6 511.02 511.43 510.71 511.05 511.4 511.02 510.67 510.1 510.68 512.26 510.59 510.97 510.05 509.85 509.59 509.55 513.6 509.57 509.63 532.37 533.18 532.66 531.33 528.2 511.11 509.21 509.35 509.7 510.17 511.16 511.49 510.5 510.86 512.22 528.1 525.66 531.86 533.45 528.92 535.11 535.1 535.4 534.39 530.93 528.91 525.51 513.41 533.19 527.46 532.84 533.09 536.21 535.74 536.55
-9999 -9999 513.65 513.23 513.81 516.35 515.14 517.41 513.45 516.19 513.12 513.92 513.98 513.71 512.21 511.27 512.76 512.45 511.88 511.22 511.85 510.77 510.48 510.45 510.35 511.3 512.57 511.02 510.98 511.22 510.22 510 510.1 509.64 510.53 510.09 520.55 510.84 522.09 531.71 531.6 531.16 522.13 509.22 509.32 510.08 511.37 510.93 510.67 510.43 513.13 514.07 524.7 522.72 532.26 533.3 527.29 534.99 535.01 534.48 534.35 534.43 534.17 532.93 527.88 519.68 533.06 534.85 535.1 535.13 537.14 536.03
-9999 -9999 513.93 513.55 512.73 513.36 513.8 513.8 513.93 516.1 514.66 513.84 513.82 512.77 512.23 512.08 512.69 511.87 511.5 511.12 510.66 510.09 509.72 513.39 511.23 516.87 515.82 517.06 512.05 512.89 510.29 511.54 510.8 510.45 510.05 509.82 518.57 509.68 529.37 525.48 516 522.11 519.98 509.38 508.98 514.11 527.99 517.66 516.8 524.74 514.18 531.38 532.1 531.93 518.44 533.11 533.43 535.26 533.4 536.71 536.08 527.45 531.28 533.36 523.25 534.83 536.1 536.75 536.93 536.32 535.39 536.79
-9999 -9999 513.91 514.39 513.56 514.06 514.91 513.06 514.39 515.45 514.65 513.74 513.2 511.69 511.91 512.55 512.17 510.91 510.46 511.02 510.7 509.86 513.13 509.52 525.45 522.41 518.5 520.44 520.33 526.16 528.36 511.7 512.35 510.83 510.52 510.19 510.35 510.07 519.92 530.77 511.45 510.68 509.58 509.36 509.18 510.27 518.41 531.74 530.8 531.51 512.26 526.08 532.73 532.31 532.33 532.52 527.72 518.71 524.54 533.54 536.92 524.73 532.98 531.96 534.75 535.19 537.48 537.84 537.64 537.63 537.67 537.45
-9999 -9999 514.43 514.39 514.65 514.36 514.4 514.44 514.45 515.29 514.16 512.73 511.46 511.83 511.39 511.34 511.3 510.54 510.17 510.14 510.31 510.18 513.05 524.22 525.6 521.83 522.91 516.19 516.98 532.28 521.46 514.22 518.6 529.46 514.2 517.8 511.28 510.81 509.61 513.8 510.47 510.17 508.97 510.74 510.09 521.9 530.36 527.37 533.2 532.82 529.19 510.91 530.28 533.1 532.46 529.38 531.01 527.68 528.57 536.16 536.16 524.75 530.27 528.43 536.65 537.74 538.1 538.75 538.58 537.72 537.66 537.73
-9999 -9999 514.95 515.07 513.71 513.21 514.3 514.6 514.47 514.46 512.87 511.92 511.33 512.17 511.02 509.84 510.1 509.96 509.97 509.94 511.05 512.1 515.59 515.72 524.23 523.7 524.48 515.72 516.76 519.05 522.34 514.37 513.5 525.63 522.17 521.48 511.7 510.6 513.96 512.48 510.02 510.36 512.48 512.72 510.14 512.76 524.02 530.79 533.43 533 523.54 522.96 511.03 529.01 526.95 527.72 522.02 525.19 533.04 517.28 535.21 529.87 524.47 534.26 536.1 538.08 537.89 538.82 538.8 537.97 537.96 537.96
-9999 -9999 512.41 514.29 512.5 513.43 514.52 514.28 514.87 514.37 512.36 511.97 511.27 511.27 509.76 509.08 510.35 510.84 511.49 510.52 511.47 513.47 516.17 511.78 517.42 514.7 518.01 517.31 516.49 517.22 516.85 516.88 516.04 530.72 528.38 520.68 518.34 520.03 519.4 528.88 510.76 510.36 511.98 518.32 514.8 515.17 531.52 534 533.78 532.69 528.31 518.98 510.59 510.35 510.75 510.78 521.65 514.2 528.12 512.93 534.23 528.69 530.51 534.99 536.57 537.58 538.13 539.03 538.74 537.91 537.82 537.92
-9999 -9999 510.6 513.27 515.7 513.69 514.88 513.38 515.06 514.22 509.67 510.19 510.95 510.45 509.93 510.26 510.73 511.75 512.37 512.5 510.37 514.36 513.88 510.78 519.15 521.29 514.54 516.95 513.88 514.99 515.41 521.18 516.96 516.08 525.1 525.88 523.21 529.74 526.09 512.28 510.3 515.6 519.14 516.88 515.58 517.21 518.24 527.11 532.97 533.5 529.7 514.64 511.32 518.41 529.57 513.02 510.7 526.1 511.75 526.25 526 534.66 523.98 529.28 534.68 536.57 531.05 538.6 537.86 537.84 537.8 537.8
-9999 -9999 512.37 515.89 517.25 515.96 515.47 514.58 514.31 510.8 510 509.65 509.64 509.77 510.07 511.44 512.09 514.83 513.83 512.55 511.68 513.62 512.39 519.96 519.89 520.41 520.02 515.77 513.25 510.13 514.08 513.51 515.24 514.13 519.64 529.07 531.8 530.55 517.13 510.07 510.17 511.81 516.72 519.13 519.42 515.85 512.96 524.16 522.25 519.29 517.54 511.2 514.75 515.64 513.43 512.47 511.01 521.4 533.25 529.55 511.8 533.9 535.5 534.74 535.1 537.09 538.87 539.14 538.53 537.94 537.74 537.53
-9999 -9999 512.81 514.34 516.76 514.7 514.29 513.33 514.67 512.17 512.42 512.03 510.34 509.65 510.24 511.82 513.54 514.53 514.99 511.63 510.62 512.75 511.07 510.7 515.47 516.72 519.15 516.17 515.78 512.9 512.75 514.17 515.16 514.82 519.24 523.53 512.22 523.86 529.49 510.58 509.73 509.29 510.59 512.92 516.18 510.95 513.48 513.54 513.5 509.8 510.06 527.67 525.7 514.76 514.53 513.67 515.55 515.15 524.22 510.45 510.37 536.02 535.64 534.35 532.63 537 538.47 539.01 538.34 538.17 537.72 536.93
-9999 -9999 514.19 516.45 515.47 514.8 512.68 512.58 512.57 513.64 510.68 509.83 510.68 510.18 510.39 511.67 512.87 514.12 514.8 513.15 513.2 513.46 510.49 511.18 513.8 519.87 520.08 516.6 516.11 513.51 513.96 514.09 515.45 520.34 523.73 522.49 513.88 511.14 511.46 514.04 510.48 509.08 511.56 511.61 510.46 510.41 511.36 511.39 514.41 514.28 522.21 532.41 531.83 526.39 520.88 513.11 511.34 513.33 510.57 526.15 511.78 534.72 534.96 534.14 533.74 536.74 537.53 537.97 538.12 537.85 537.36 535.96
-9999 -9999 513.38 513.87 513.47 513.25 512.63 512.9 510.13 514.04 513.86 510.33 510.32 509.93 509.48 510.21 510.12 511.91 513.92 511.45 511.67 511.49 513.89 513.2 513.88 514.76 513.85 513.86 514.65 513.5 513.24 513.75 526.76 531.83 525.21 530.28 530.64 520.48 518.25 511.54 512 509.48 512.27 512.67 511.47 510.17 510.93 510.64 516.12 522.43 530.03 529.86 528.17 530.45 531.67 516.37 513.89 511.7 510.56 514.18 530.84 532.39 532.48 530.59 530.38 530.59 535.99 536.55 536.94 532.1 536.55 535.63
-9999 -9999 513.05 512.83 512.55 512.83 513.03 512.64 512.98 513.89 514.47 510.78 509.6 509.61 509.2 509.17 509.56 511.34 511.9 511.83 510.96 512.32 516.41 510.35 513.16 515.4 514.26 513.57 514.23 515.36 514.37 514.73 528.76 530.99 531.36 531.33 531.08 530.88 514.56 511.88 512.77 509.77 512.95 511.58 512.02 513.08 512.57 510.29 515.97 522.53 527.52 519.52 516.53 533.28 524.42 510.49 519.29 511.54 510.67 510.62 514.74 530.32 529.76 526.85 523.23 519.79 535.72 536.87 536.81 536.67 536.4 535.69
-9999 -9999 512.26 508.83 512.34 512.81 513.6 512.49 512.8 511.67 510.83 510.44 510.39 509.92 509.38 509.35 509.46 509.88 510.26 510.75 510.12 509.65 515.49 515.97 512.17 513.92 513.65 513.72 513.67 514.05 514.79 515.4 531.56 531.53 532.12 532.16 531.5 531.31 521.59 515.11 511.53 510.36 512.29 511.99 510.99 510.33 510.58 511.17 516.93 519.94 527.23 522.13 521.93 530.94 528.47 513.62 515.09 511.09 510.6 510.59 510.47 517 527.11 512.21 509.71 512.44 523.04 535.74 536.1 534.46 535.84 534.72
-9999 -9999 512.01 512.6 514.39 513.01 512.53 512.82 511.88 511.87 510.1 510.23 510.6 510.66 509.95 509.73 509.56 509.71 510.49 511.02 509.71 509.5 512.06 513.22 516.04 511.95 510.19 513.56 513.97 513.6 510.47 511.89 523.98 525.65 525.72 527.71 528.7 517.17 531.13 517.53 512.67 511.03 511.31 511.01 510.76 510.41 511.13 511.58 511.51 514.73 517.85 518.41 516.28 519.98 513.95 510.82 511.13 513.17 512.7 510.13 510.12 511.67 511.41 511.27 510.53 511.18 514 522.37 534.09 518.77 529.61 526.26
-9999 -9999 513.08 510.72 513.44 513.8 511.67 514.04 512.96 511.28 510.03 510.09 510.21 511.23 511.1 510.01 509.61 509.53 509.96 511.07 510.13 513.04 514.72 514.24 513.45 512.28 511.48 514.22 511.52 513.94 509.9 509.27 517.15 515.68 523.55 524.57 519.06 522.18 527.04 514.74 510.47 510.69 514.29 510.36 510.01 509.7 510.36 511.31 513.59 521.01 521.56 519.32 520.72 518.5 513.12 510.58 510.3 512.49 515.22 513.07 510.7 515.64 515.99 514.67 512.05 513.74 511.59 510.77 510.5 510.52 512.56 511.2
-9999 -9999 511.41 513.59 519.64 516.65 519.65 523.39 527.35 527.07 527.29 510.11 511.15 510.42 511.11 510.85 509.78 509.97 509.86 512.46 512.41 512.05 513.14 512.53 512.41 511.98 513.56 510.9 514.51 515.2 510.95 509.69 509.62 511.45 521.74 517.75 511.64 515.83 515.19 513.4 513.11 511.98 512.82 510.07 509.82 509.41 510.45 511.9 517.51 519.09 521.63 520.77 515.17 515.39 513.48 510.3 512.91 510.17 513.43 515.01 513.65 512.07 514.91 513.74 512.27 509.04 512.16 511.12 510.62 513.38 516.35 522.24
-9999 -9999 513.01 516.76 520.96 524.29 530.56 531.4 531.77 519.42 522.51 530.51 512.65 510.44 510.68 512.09 509.93 510.66 513.02 513.84 512.97 513.14 514.03 511.01 511.17 512.84 512.71 513.43 515.42 514.17 514.9 510.29 510.42 512.88 516.99 514.34 512.69 515.42 512.02 515.59 510.89 516.78 513.63 513 512.56 509.56 509.53 510.02 519.54 519.21 519.96 514.97 513.77 512.05 511.09 515.15 514.22 514.51 515.65 510.37 511.75 512.81 517.35 514.42 516.4 517.31 513.44 513.92 511.3 514.45 521.12 526.69
-9999 -9999 514.95 519.08 518.73 520.56 532.87 532.97 531.79 529.59 518.62 528.01 513.39 511.59 511.31 510.31 510.75 510.92 514.33 518.64 512.67 513.72 513.42 512.26 512.59 513.1 512.46 515.15 513.22 514.77 514.7 511.12 511.54 510.87 514.15 514.73 515.46 518.01 515.3 510.7 513.37 510.31 511.41 511.76 517.48 512.43 511.03 509.63 511.04 509.51 509.75 509.78 509.67 509.71 512.3 513.36 514.2 513.88 510.66 510.6 510.55 510.77 519.78 518.27 515.44 510.41 512.71 510.59 517.49 511.63 521.89 529.03
-9999 -9999 512.48 518.92 518.79 527.4 531.85 533.31 532.18 532.9 530.18 518.89 511.26 511.12 510.21 512.5 510.97 512.89 515.9 516.52 510 511.08 513.08 511.74 512.41 512.76 510.4 511.65 513.84 515.5 515 514.39 512.52 521.16 513.08 513.6 520.45 513.88 516.15 512.45 510.93 512.02 512.22 513.09 514.07 516.29 511.25 509.61 509.41 509.71 509.65 509.77 510.03 510.49 513.74 509.79 511.61 509.77 510.44 510.31 511.63 510.24 516.75 520.52 521.22 521.26 518.41 510.26 520.82 519.4 521.44 527
-9999 -9999 511.3 517.32 518.06 519.32 526.41 531.25 531.47 532.59 528.99 514.28 518.46 511.45 511.73 513.29 510.13 509.98 514.23 520.35 517.04 511.12 512.24 512.88 511.26 511.87 514.2 510.64 514.21 514.97 515.37 523.26 528.92 528.58 516.97 519.6 523.89 515.31 513.86 515.15 516.44 518.46 517.96 518.72 510.87 512.33 511.52 509.6 509.63 509.73 509.79 510.47 509.85 510.88 511.52 510.22 513.07 510.61 512.04 512.05 511.65 511.78 517.72 520.05 521.92 520.24 516.6 530.17 516.72 519.41 529.3 527.35
-9999 -9999 509.86 511.66 515.23 511.6 529.39 529.4 528.49 530.85 521.14 511.49 516.54 515.84 514.87 512.31 509.07 510.07 514.36 509.66 510.24 511.04 513.96 512.69 511.09 511.11 510.39 511.49 511.11 520.12 527.89 527.83 529.02 527.84 515.12 525.01 525.88 525.76 520.84 516.18 513.65 514.39 516.37 514.1 515.72 514.3 512.17 509.87 511.58 512.78 515.47 519.62 515.84 511.47 512.42 512.09 511.28 510.19 514.43 513.6 511.83 513.07 518.49 520.61 519.02 518.31 529.41 521.57 534.74 532.26 518.6 517.72
