tests/GridSurface/491_928.asc
ncols 118
nrows 1000
xllcorner 491882
yllcorner 928000
cellsize 1
nodata_value -9999
[rows 704 to 735 of 1000, columns 0 to 71 of 118]
-9999 -9999 -9999 -9999 522.85 523.47 523.78 523.6 523.75 523.37 523.1 523.36 523.14 523.03 523.19 523.02 522.78 522.88 523.02 523.13 523.62 524.06 524.07 523.35 523.3 523.51 523.09 522.88 522.92 523.17 522.95 522.78 522.4 522.43 522.89 523.96 523.11 522.19 522.4 522.67 523.07 523.27 523.06 522.96 522.98 522.49 522.43 523.49 522.54 522.65 522.76 522.56 523.09 522.91 522.97 522.81 522.52 522.35 523.91 523.97 523.86 525.19 524.21 524.07 521.98 521.12 520.98 521.04 521.26 521.15 521.29 522.15
-9999 -9999 -9999 -9999 523.1 523.18 523.22 523.32 523.59 523.17 523.43 523.88 523.23 523.58 523.4 523.2 523.1 523.44 523.25 523.02 523.35 522.83 523.14 523.14 523.24 523.05 522.72 522.5 522.52 522.48 522.41 523.38 522.63 522.06 522.63 523.61 522.4 522.68 522.66 522.47 522.46 522.89 523.09 523.06 522.9 524.8 522.81 522.74 525.2 526.3 522.66 523.32 524.38 524.22 523.66 522.63 522.46 522.5 524.29 524.18 524.26 523.24 522.79 522.26 522.24 521.8 522.28 521.82 520.83 520.98 522.94 521.72
-9999 -9999 -9999 -9999 523.02 522.96 523.41 523.88 524 524.04 523.28 524.63 523.52 523.29 523.74 523.04 522.96 522.96 523.02 522.84 522.49 522.53 522.6 522.66 522.54 522.46 522.37 522.71 522.48 522.2 522.07 522.58 522.33 522.39 521.92 522.14 522.7 526.05 522.67 522.46 522.17 522.53 522.98 524.27 523.23 525.68 522.97 522.79 524.44 523.11 522.83 523.46 524.15 523.73 523.24 522.78 522.41 522.29 522.43 524.03 523.71 522.95 522.29 520.72 520.92 522.15 521.85 523.02 522.43 521.05 522.69 521.76
-9999 -9999 -9999 -9999 523.08 523.05 523.05 524.28 523.86 523.2 522.44 522.4 522.55 522.45 522.09 521.87 522.44 522.71 522.82 522.55 522.53 522.83 522.92 522.67 522.73 522.4 522.24 522.14 522.95 522.28 522 522.01 522.7 525.13 522.83 522.41 523.81 525.01 526.43 522.62 521.96 522.51 523.09 524.27 524.48 522.18 522.39 522.79 523.09 523.01 522.8 524.89 523.52 523.69 522.89 522.33 522.31 522.26 522.31 522.68 522.19 522.73 522.44 520.87 520.97 522.65 522.27 522.96 522.44 520.89 521.26 521.96
-9999 -9999 -9999 -9999 522.94 523.2 523.42 523.45 523.35 522.73 522.31 522.94 522.64 523.09 523.31 522.09 522.49 522.69 522.82 522.76 522.71 522.88 522.52 522.57 522.49 522.67 522.38 523.33 522.05 522.92 522.1 522.28 522.3 522.43 522.21 521.98 522.52 522.73 522.69 522.52 522.4 522.19 522.44 523.33 522.96 523.64 523.57 522.31 523.13 522.68 522.65 523.09 524.36 524.09 522.99 522.78 522.48 521.94 522.15 522.7 522.1 522.12 521.71 520.72 521.75 523.17 523.09 523.1 521.03 520.89 521.08 521.7
-9999 -9999 -9999 -9999 523.91 524.13 523.52 522.68 522.61 522.88 522.32 522.64 522.73 523.33 523.5 522.72 521.93 522.31 522.26 522.77 522.8 522.72 522.54 523.16 522.6 522.11 522.2 522.03 522.29 525.45 522.52 522.32 522.21 522.05 522.28 521.99 524.24 522.2 522.57 522.4 522.28 522.08 521.89 522.05 521.94 523.38 523.31 523.12 523.29 522.18 522.5 522.54 523.34 524.16 523.79 523.48 523.03 521.36 521.9 522.18 521.89 521.85 521.13 520.78 521.84 523.29 523.12 521.7 521.08 520.89 520.97 523.02
-9999 -9999 -9999 -9999 524.21 524.2 522.84 522.25 522.43 522.31 522.36 522.53 522.62 523.02 522.78 522.35 521.47 521.69 522.22 522.4 522.4 522.42 522.46 522.77 522.31 522 522.34 522.37 522.23 522.27 521.93 522.27 522.06 521.9 522.1 521.81 523.04 524 523.82 522.11 521.98 521.98 521.87 521.91 521.75 523.74 522.2 525.35 524.26 522.09 522.09 521.98 522.75 523 522.11 522.02 521.98 520.97 521.92 522.28 521.34 521.24 520.47 520.39 521.89 523.67 523.14 521.78 521.67 522.13 520.8 520.93
-9999 -9999 -9999 -9999 523.94 523.78 523.39 523.22 522.77 522.34 522.23 522.42 522.75 522.62 521.87 522.97 521.92 521.75 522.42 522.45 521.76 522.19 522.75 522.77 521.93 522.16 522.18 522.27 522.04 521.55 522.82 523.35 522.21 521.68 522 523.43 523.56 524.21 521.7 521.92 521.9 521.92 522.34 521.72 522.92 524.18 525.28 525.1 523.72 522.1 521.35 521.11 522.53 521.8 521.48 521.14 520.88 521.47 522.12 522.14 521.46 520.97 520.53 520.44 522.08 520.85 521.95 522.5 521.65 522.04 521.31 520.89
-9999 -9999 -9999 -9999 524.32 524.34 523.56 523.77 522.59 522.47 523.01 522.69 523.89 523.54 523.87 523.55 521.61 522.03 522.72 523.6 522.54 521.94 522.5 522.43 521.8 521.94 521.85 521.66 521.66 521.38 521.63 522.28 521.85 521.92 522.05 522.81 524.59 522.52 521.66 522.06 522.08 522.88 522.68 521.75 522.58 524.78 525.17 524.62 524.7 522.38 521.29 520.79 521.79 521.65 521.55 521.41 521.44 521.87 522.05 521.94 521.57 520.9 520.62 521.97 523.19 523.2 523.05 521.86 521 521.1 520.94 520.64
-9999 -9999 -9999 -9999 523.96 523.75 523.29 522.83 522.27 523.32 524.59 524.34 524.3 524.07 524.38 524.27 522.6 521.66 522.37 522.91 522.06 521.68 521.9 521.76 521.66 521.57 521.61 521.51 521.42 521.77 521.85 522.91 522.09 521.76 521.79 522.17 522.14 525.45 522.32 522.69 522.02 522.14 522.56 522.07 522.4 524.78 525.06 524.69 524.63 523.08 521.57 521.5 521.12 521.45 522.52 523.11 522.33 521.41 521.92 521.8 521.55 520.92 521.49 522.35 522.97 523.17 523.74 522.78 521.29 521.06 520.63 521.05
-9999 -9999 -9999 -9999 523.18 523.09 522.71 522.72 521.78 524.45 524.86 524.62 524.51 524.18 524.41 524.46 521.61 521.76 521.28 522.61 521.83 521.58 521.49 521.44 521.49 521.42 521.78 521.42 521.35 521.48 524.08 522.55 522.41 521.58 521.67 523.17 522.52 525.22 521.75 521.61 521.73 521.74 521.96 524.19 521.69 525.28 525.23 524.16 522.42 521.42 521.5 521.37 520.95 521.21 522.94 522.38 520.92 520.08 520.84 521.43 520.96 520.66 521.93 522.26 522.93 523.29 523.9 522.42 521.5 522.19 521.88 522.52
-9999 -9999 -9999 -9999 522.65 522.7 522.57 521.82 521.53 522.29 524.67 524.46 523.33 522.99 524.28 521.28 521.4 521.54 521.31 522.98 522.25 521.51 521.59 521.35 521.46 521.37 521.38 521.99 522.03 521.14 521.55 522.3 522.37 522.24 521.94 522.15 522.67 523.99 523.73 521.85 521.78 521.78 521.9 522.72 520.9 521.19 522.86 521.94 521.61 521.52 521.33 521.03 520.91 521.6 522.48 522.27 520.07 520.51 519.93 519.92 520.03 519.99 521.11 522.19 522.77 522.45 521.28 521.99 522.29 522.52 522.77 523.65
-9999 -9999 -9999 -9999 522.66 522.14 521.71 521.46 521.64 522.29 523.54 522.93 521.88 522.13 521.7 521.52 521.44 521.42 521.59 522.06 522.12 520.99 521.13 521.36 521.34 521.61 521.76 521.9 522.19 521.23 522.34 521.35 521.45 522.08 521.84 522.32 522.71 522.74 523.11 521.62 521.36 521.94 522.16 522.28 521.3 522.13 521.54 521.4 521.95 521.7 522.14 521.73 521.82 522.29 522.33 522.52 521.53 521.27 521.49 522.43 520.78 520.82 520.89 521.64 520.98 521.99 520.76 521.61 521.3 521.98 521.74 523.13
-9999 -9999 -9999 -9999 522.13 521.69 522.09 521.61 521.47 521.79 521.69 521.44 522.12 523.02 522.36 521.58 521.35 521.73 521.72 521.51 521.6 521.21 521.23 521.39 521.48 521.93 522.16 521.94 521.61 521.18 521.8 521.6 521.5 521.88 521.95 522.41 522.62 522.61 522.48 522.46 521.07 521.57 522.07 524.15 521.6 522.63 521.17 522.92 521.79 521.99 521.98 521.36 522.66 523.88 523.66 523.2 520.02 521.48 522.58 522.81 522.89 522.82 521.13 521.16 521.53 521.44 520.54 521.07 522.33 522.2 521.75 521.26
-9999 -9999 -9999 -9999 521.76 521.37 521.29 521.39 521.39 520.48 521.57 521.08 521.83 523.65 521.07 521.08 521.94 521.94 521.66 521.48 521.3 520.77 521.42 521.56 521.73 522.05 522.11 521.79 521.08 521.33 521.79 521.76 521.72 521.89 521.46 521.93 522.85 523.05 522.43 521.72 521.1 522.02 522.2 521.55 521.43 521.59 521.58 520.95 520.2 519.81 519.62 522.81 523.37 520.6 524.22 521.44 519.95 521.07 522.95 521.44 522.96 523.26 520.67 520.04 520.28 519.91 520.18 522.06 522.34 522.42 523.09 524.16
-9999 -9999 -9999 -9999 521.3 521.38 521.53 521.34 520.55 521.75 522.42 522.08 521.8 523.04 520.97 520.9 521.42 521.27 521.34 521.37 521.06 520.99 521.25 521.56 521.63 521.83 522.11 521.85 521.34 521.67 522.1 521.75 522.06 521.9 521.45 521.63 522.76 523.09 522.7 521.79 522.7 521.79 521.8 521.68 522.12 521.78 520.98 519.44 519.7 520.19 522.48 521.64 523.17 523.27 523.46 522.14 519.58 521.41 522.41 520.46 522.26 521.63 520.39 519.85 519.77 519.55 521.23 521.33 523.02 522.73 524.35 524.64
-9999 -9999 -9999 -9999 521.08 520.96 520.48 520.57 520.67 520.7 521.88 521.81 522.49 522.6 521.11 521.01 521.54 521.39 521.4 521.39 521.38 521.21 521.97 521.38 521.38 521.32 521.21 521.07 521.13 521.43 521.3 521.15 521.47 521.75 521.44 521.87 522.44 522.7 522.47 523.14 522.13 521.43 521.38 521.08 521.78 521.85 521.51 520.36 520.75 521.61 522.52 520.77 521.98 522.48 521.34 521.7 520.02 520.59 520.28 519.68 524.58 522.45 523.61 527.59 526.19 522.45 521.05 522.95 522.88 523.68 524.4 524.52
-9999 -9999 -9999 -9999 520.72 520.85 520.2 520.74 520.8 520.79 521.03 520.96 522.26 522.28 519.95 520.18 521.15 521.31 521.16 521.25 521.18 521.81 521.44 521.16 521.24 522.25 520.63 520.93 521.01 521.09 521.43 521.08 523.83 521.67 521.56 521.67 522.09 522.48 522.22 521.88 521.45 521.26 521.33 520.94 520.53 520.68 519.99 519.37 520.97 521.88 519.93 520.37 521.33 521.49 521.76 520.65 519.56 519.89 519.96 521.55 520.11 520.3 529.16 536.27 534.17 520.07 520.05 521.23 521.93 521.5 521.58 521.76
-9999 -9999 -9999 -9999 520.65 520.81 520.62 520.82 520.92 520.53 520.2 520.48 521.91 520.74 520.07 520.45 520.07 519.65 519.91 520.37 520.83 520.76 520.85 520.81 520.88 521.67 521.36 521.02 520.86 521.21 522.89 521.26 522.08 524.08 521.73 521.31 521.79 521.74 521.38 520.83 520.77 520.98 520.99 520.14 519.26 519.38 519.74 520.47 521.55 521.52 519.68 519.8 521.51 521.35 521.77 520.33 519.45 519.48 519.46 521.88 529.03 530.63 529.43 537.41 532.04 523.05 528.64 523.19 520.35 522.81 524.51 524.81
-9999 -9999 -9999 -9999 520.67 520.62 520.52 520.6 520.42 520.14 520.15 520.1 520.49 520.63 520.51 520.49 520.46 520.76 520.19 519.63 520.3 520.56 520.64 520.84 522.79 522.19 520.61 521.07 520.94 524.35 522.34 521.21 522.51 522.27 522.12 521.09 521.04 520.94 520.54 520.8 520.99 521.12 521.01 519.37 519.17 519.5 519.38 519.23 520 520.84 519.13 519.12 520.65 520.42 521.49 520.22 519.32 519.23 521.15 533.1 533.89 534.16 536.78 537.65 536.95 535.57 526.08 529.31 530 526.95 523.28 525.34
-9999 -9999 -9999 -9999 520.38 520.54 520.45 520.64 519.85 520.02 519.89 519.99 520.23 522.99 521.63 523.89 523.69 521.94 520.25 520.68 519.93 521.94 520.25 522.47 524.26 524.14 520.3 522.48 524.38 523.37 521.74 520.9 522.51 522.05 522.08 520.48 520.44 520.22 520.09 521 520.74 521.33 520.75 519.2 519.25 520.51 519.72 520.09 519.39 519.34 519.16 521.39 520 520.94 519.44 519.43 520.25 519.95 519.82 519.38 521.34 531.7 537.17 537.47 536.31 537.08 527.26 531.37 529.97 530.7 529.18 525.57
-9999 -9999 -9999 -9999 520.75 520.58 520.6 520.66 520.4 520.02 519.88 520 519.95 520.94 524.34 523.29 523.71 521.52 522.05 522.19 521.96 521.25 521.1 522.49 523.55 523.21 520.57 520.71 520.63 522.33 521.66 522.57 520.96 521.64 520.46 519.57 520.8 520.07 519.53 519.58 519.26 519.11 519.24 519.22 520.2 521.27 520.63 521.28 522.04 520.66 520.15 519.47 520.86 520.92 519.18 519.66 520.67 521.91 520.6 520.28 530.8 535.14 535.84 536.62 532.45 536.38 528.97 530.48 531 531.44 531.07 527.95
-9999 -9999 -9999 -9999 520.55 520.47 520.71 520.87 520.62 520.55 520.35 520.21 519.65 519.9 520.12 524.41 524.13 523.86 522.88 522.98 522.98 522.44 522.54 521.79 521.83 522.33 521.4 520.28 520.43 520.62 522.75 524.64 522.52 520.05 521.64 521.72 520.81 520.18 519.44 519.28 519.11 519.09 519.48 521.27 521.18 521.59 522.01 521.57 522.06 521.4 519.41 520.49 521.54 521 519.11 519.26 520.29 522.31 522.86 522.61 527.48 522.98 523.49 531.61 524.39 534.97 528.35 526.96 526.23 528.57 530.05 522.66
-9999 -9999 -9999 -9999 520.49 520.56 520.84 520.87 520.57 520.52 520.21 519.85 519.52 521.81 520.68 521.61 521.12 523.75 521.34 522.52 521.72 523.14 522.62 520.4 519.83 519.66 519.58 519.5 519.11 519.09 519.28 520.09 519.53 520.58 521.34 521.32 521.44 520.96 519.75 519.29 520.13 519.45 519.46 520.85 521.05 521.4 521.69 520.99 519.56 518.92 518.89 520.42 519.46 519.67 519.32 518.98 519.94 522.03 527.48 523.25 522.32 526.32 533.26 533.5 529.25 533.12 529.45 525.57 528 530.3 525.7 521.5
-9999 -9999 -9999 -9999 520.41 520.59 520.86 520.91 520.47 520.63 520.43 520.18 519.87 519.57 520.29 520.28 520.84 520.77 520.78 521.63 522.83 522.47 522.3 521.29 520.05 520.53 519.38 519.71 520.66 519.92 519.54 519.58 520.19 520.53 520.48 520.25 520.71 520.55 520.22 519.38 520.41 523.71 519.07 519.87 521.5 521.34 521.82 519.47 519.43 519.25 518.92 519.58 520.24 519.29 518.8 519.14 519.64 521.97 521.63 521.96 533.83 534.09 533.68 529.87 533.19 533.36 530.79 534.57 530.68 533.07 526.99 526
-9999 -9999 -9999 -9999 520.72 520.58 520.64 520.92 521.31 522.64 520.25 520.04 519.27 519.86 520.18 520.1 520.9 520.9 520.81 521.69 521.54 522.23 521.88 520.69 520.54 520.09 521.72 522.99 523.87 520.17 520.28 520.1 520.53 520.5 519.29 519.04 520.89 522.16 522.08 520.98 522.8 524.71 523.36 522.95 521.09 521.12 519.54 518.76 518.92 519.27 518.75 520.5 519.96 518.6 520.43 520.46 520.92 521.89 521.63 521.52 527.77 530.87 531.85 527.93 533.35 532.88 530.65 533.89 534.35 529.54 530.31 531.56
-9999 -9999 -9999 -9999 521.69 520.64 521.75 523.19 522.63 522.85 520.32 519.99 519.87 520.16 520.07 520.25 520.65 520.96 520.6 520.81 522.24 522.02 521.5 521.08 521.11 522.62 523.38 523.43 522.17 521.49 521.07 520.93 521.53 522.7 521.81 520.98 521.7 521.84 522.16 525.08 526.48 518.72 522.7 519.03 519.86 521.57 519.75 518.75 518.73 518.75 518.67 520.75 519.07 519.44 520.35 520.49 527.19 527.7 528 533.78 532.88 534.65 535 533.62 534.17 534.39 530.67 530.74 535.15 532.87 531.96 532.14
-9999 -9999 -9999 -9999 521.92 520.66 522.16 523.02 522.84 522.15 522.05 521.28 520.15 520.21 520.19 520.3 520.29 520.32 519.9 519.98 520.48 520.15 520.41 520.42 521.5 522.84 520.27 524.22 525.1 521.19 520.68 519.23 519.31 519.91 522.63 519.35 519.46 520.75 521.28 525.05 526.27 521.61 520.96 518.87 519.01 519.79 519.32 518.77 518.78 518.84 518.61 519.47 518.79 519.78 520.98 520.66 534.09 528.18 527.51 534.58 538.35 537.33 536.69 536.84 532.34 534.43 534.76 532.13 535.04 534.73 531.26 531.19
-9999 -9999 -9999 -9999 521.14 522.8 523.08 523.4 523.16 522.97 523.54 521.53 520.88 520.51 520.5 520.36 520.31 519.9 519.59 519.61 520.13 520.44 520.14 520.56 521.69 521.48 521.93 525.82 526.12 524.46 520.41 519.84 519.25 522.21 522.69 520.38 520.27 519.04 519.1 519.38 519.24 526.24 523.59 518.64 518.71 520.93 523 518.72 521.16 519.8 518.62 518.67 518.86 520 521.22 526.63 531.23 537.35 537.14 534.21 539.74 540.78 539.5 539.57 539.26 534.97 534.66 531.98 535.21 534.86 526.7 524.82
-9999 -9999 -9999 -9999 520.04 521.04 522.81 523.65 523.95 523.85 521.94 519.52 520.17 520.24 520.5 520.24 520.29 520.26 519.79 519.72 519.76 519.73 519.94 520.92 521.66 520.61 524.04 523.77 526.65 525.64 521.99 521.75 519.86 519.98 523.15 523.19 520.13 518.62 522.07 521.28 525.75 525.25 519.8 520.38 520.47 522.38 521.75 521.91 522.43 518.99 518.57 519.12 519.01 520.09 527.74 530.2 532.26 537.55 537.43 527.56 541.92 541.57 541.41 540.33 539.01 538.05 533.74 530.76 532.42 531.78 524.52 524.21
-9999 -9999 -9999 -9999 519.98 520.46 521.43 523.26 523.82 521.84 520.56 520.03 519.71 519.95 520.26 520.54 520.25 520.35 520.41 520.21 519.84 519.77 520.23 522.3 524.02 522.14 522.46 523.39 520.31 525.52 523.32 522.3 518.65 519.49 519.76 520.73 519.35 522.96 523.29 521.66 523.1 522.86 518.73 519.3 522.88 522.58 522.4 521.47 523.15 518.98 519.95 520.06 519.53 534.56 538.21 534.64 540.57 538.1 537.76 541.9 541.35 542.04 541.79 539.51 539.37 537.71 537.63 530.26 535.28 530.66 524.52 524.05
-9999 -9999 -9999 -9999 520.35 520.24 520.91 521.59 521.17 521.47 521.04 520.22 519.89 520.12 519.96 520.03 520.1 520.5 520.4 520.41 519.97 519.84 522.5 523.82 522.56 522.52 520.45 520.47 520.02 519.04 521.82 520.26 519.81 524.17 522.35 519.62 518.28 520.4 524.6 520.12 522.43 522.27 521.92 519.03 522.01 522.75 519.23 521.18 522 521.28 520.53 519.7 519.89 536.86 541.54 534 541.55 541.11 536.49 536.94 536.13 542.49 542.79 542.08 541.38 541.39 528.06 539.97 535.76 533.53 523.07 527.69
