tests/GridSurface/491_929.asc
ncols 124
nrows 1000
xllcorner 491876
yllcorner 929000
cellsize 1
nodata_value -9999
[rows 416 to 447 of 1000, columns 0 to 71 of 124]
-9999 -9999 532.08 532.12 532.02 515.09 521.16 512.75 514.52 513.45 512.09 512.74 516.88 526.59 534.35 541.54 541.85 541.42 538.55 538.63 530.94 520.54 521.76 518.03 521.23 520.62 517.04 514.37 514.68 516.67 514.32 519.63 540 551.13 552.24 551.92 553.47 556.46 554.87 557.47 557.75 558.01 558.14 558.36 558.05 557.77 558.37 557.26 554.35 557.4 557.8 558.12 558.6 558.8 558.37 557.66 553.05 544.71 547.99 540.68 537.38 540.66 539.41 535.66 537.72 537.69 533.21 532.94 536.34 521.73 526.53 529.83
-9999 -9999 532.57 532.23 532.07 529.47 518.01 517.82 514.49 511.88 512.26 512.32 513.28 513.14 531.72 534.12 539.16 533.84 531.05 530.93 524.13 533.96 525.34 515.75 521.61 521.6 520.68 520.06 514.98 514.52 515.27 531.29 548.18 545.06 553.47 553.95 558.41 558.22 558.26 557.89 558.09 557.93 558.02 558.57 559.28 559.58 559.41 558.16 557.95 552.35 558 558.1 558.45 558.92 558.61 557.85 556.23 552.54 550.87 540.2 532.09 529.07 542.02 539.18 532.5 528.56 520.18 534.78 537.07 541.06 541.4 525.82
-9999 -9999 532.8 529.35 530.67 530.41 525.71 519 512.47 512.42 512.56 512.59 513.17 513.62 513.85 519.01 539.22 528.13 528.05 526.94 536.19 536.42 532.74 519.34 538.91 536.67 536.24 531.06 520.54 515.2 543.79 520.21 553.05 554.02 554.65 552.45 557.68 558.2 557.94 557.61 557.82 557.65 557.81 558.7 559.29 559.18 559.34 559.62 558.67 558.04 557.91 558.16 558.56 558.8 558.73 557.47 555.56 553.3 550.27 550 530.57 523.79 540.08 526.66 538.15 518.55 529.21 531.78 539.62 543.02 542.3 539.41
-9999 -9999 532.79 532.58 532.16 530.95 516.03 520.81 514.68 511.62 513.9 512.27 512.2 514 513.47 513.59 521.17 527.83 525.29 526.45 534.79 540.65 541.34 517.71 528.69 539.15 537.24 532.14 532.28 532.92 535.9 548.59 553.99 555.17 555.15 556.18 557.44 557.98 557.58 557.68 557.6 557.63 557.72 558.72 559.18 559.17 559.21 559.53 558.61 558.18 552.35 557.26 557.72 557.8 557.66 554.95 554.81 554.73 553.42 544.83 531.43 532.33 528 524.69 543.97 531.97 528.39 542.71 543.1 543.27 543.4 541.44
-9999 -9999 532.69 532.5 532.15 530.61 528.82 527.29 512.61 511.95 512.58 516.56 511.89 512.61 513.97 513.73 513.95 522.03 526.14 526.47 526.31 541.36 541.79 541.68 540.1 532.72 535.46 533.32 533.26 533.37 549.62 549.02 554.03 555.23 555.57 556.34 557.15 557.36 557.48 557.71 557.5 557.45 557.66 558.69 558.85 559.06 559.17 559.42 559.45 558.58 556.46 535.09 553.55 550.69 554.88 555.14 554.93 554.9 551.83 539.57 539.23 544.01 544.42 524.54 543.92 543.63 543.63 540.02 535.41 539.99 542.67 541.73
-9999 -9999 532.45 531.87 531.51 529.87 528.45 527.49 513.53 513.55 511.83 511.68 511.74 512.72 513.68 513.86 514.29 524.56 526.32 527.4 529.77 538.11 541.13 542.19 541.33 538.97 540.26 535.01 535.49 537.43 548.21 551.3 553.18 555.29 556.1 555.99 556.61 557.41 557.84 557.9 557.62 557.59 557.51 558.27 553.39 557.4 559.21 559.18 558.34 558.3 557.77 557.73 555.29 554.26 554.72 554.94 554.86 554.85 554.96 545.62 533.36 516.23 521.1 523.17 543.02 533.78 541.75 541.06 542.3 542.29 538.44 541.87
-9999 -9999 531.78 518.19 530.73 529.52 528.13 518.43 510.93 514.52 512.19 512.88 519.6 523.35 513.26 513.49 513.88 514.08 515.85 532.28 525.17 535.08 536.74 540.92 542.09 542.12 541.44 534.17 535.85 538.59 532.9 540.17 551.9 555.85 556.47 556.27 557.85 558.12 558.24 558.03 557.74 557.71 557.61 557.7 557.81 557.61 558.8 558.56 558.55 559.08 558.39 559.06 557.26 554.29 554.67 554.67 554.66 554.57 554.48 540.85 538.89 514.99 517.55 535.56 529 525.23 537.41 534.29 541.28 542.86 542.75 541.82
-9999 -9999 530.92 530.68 530.29 529.34 526.07 519.46 514.85 516.5 515.09 516.36 522.91 530.83 524.04 513.32 512.9 512.59 531.31 521.78 522.58 535.77 539.95 540.86 541.17 541.4 539.23 535.12 542.24 548.48 540.78 539.52 554.21 556.69 556.73 556.68 556.6 557.3 558.25 558.13 558 557.85 557.64 557.46 558.03 558.27 558.25 558.31 558.73 559.24 558.83 558.94 559.17 556.86 554.55 554.51 554.41 554.68 548.99 540.09 531.21 520.25 517.94 517.13 526.1 530.74 535.01 539.39 541.68 542.61 541.21 541.43
-9999 -9999 530.77 530.11 529.36 528.51 524.55 520.07 519.29 515.49 513.23 511.16 511.02 512.11 512.27 512.73 511.92 515.99 525.53 534.57 531.94 539.62 539.67 541.5 541.14 541.6 530.64 544.79 539.22 550.61 547.91 536.07 547.18 556.65 556.74 556.54 556.4 557.52 558.28 558.21 557.55 557.62 557.65 557.8 557.92 557.86 557.95 558.12 558.58 559.04 558.76 558.77 559.06 557.11 554.16 554.32 554.33 554.16 548.68 537.9 534.6 518.52 517.91 516.95 523.57 524.51 531.54 532.19 539.84 540.46 540.52 540.89
-9999 -9999 529.98 529.63 528.95 526.97 518.86 520.08 520.29 517.73 515.68 511.39 511.5 512.52 514.34 514.98 515.09 515.31 515.23 520.9 523.88 530 539.58 540.34 529.73 528.11 519.33 518.19 551.18 551.74 551.86 552.03 556.27 556.33 556.4 556.23 555.9 557.3 557.26 556.56 556.58 556.96 556.97 556.89 557.33 557.32 557.75 558.38 558.67 558.76 558.7 558.7 558.56 557.52 555.65 553.98 553.79 553.01 551.35 535.04 518.65 518.54 517.54 518.58 517.91 525.85 532.83 533.74 536.28 539.49 539.64 538.95
-9999 -9999 528.88 528.71 520.36 511.61 516.35 519.12 519.42 520 516.11 510.35 511.96 514.77 515.76 515.61 516.18 513.88 516.1 513.63 514.05 534.32 531.07 534.34 517.15 513.73 513.74 516.67 545.65 552.26 552.13 552.12 551.6 545.96 555.38 555.7 555.38 555.56 555.86 556.34 556.36 552.78 556.85 556.78 555.1 555.16 557.37 558.03 557.96 557.88 558.51 558.27 557.78 557.34 555.52 553.88 553.94 553.05 542.92 528.03 519.24 517.87 517.97 517.94 516.95 516.73 517.72 529.46 530.87 533.24 538.43 536.83
-9999 -9999 512.88 515.86 510.42 512.12 518.23 510.26 513.35 519.67 519.18 516.07 511.5 513.83 515.96 516.25 516.43 516.66 513.81 515.4 513.08 512.85 513.9 528.44 518.62 512.79 514.33 516.31 543.25 552.32 552.04 551.69 551.98 552.32 553.43 537.38 554.99 555.54 556.04 556.15 556.11 556.26 556.22 556.2 555.88 556.83 557.55 557.99 557.87 557.61 557.52 558.49 557.85 555.69 546.06 540.98 550.37 539.49 519.52 516.03 518.17 518.51 518.03 518.37 517.41 517.18 517.37 522.83 532.99 534.6 536.71 535.75
-9999 -9999 510.31 511.34 513.63 511.75 510.78 510.05 510.68 518.51 518.66 511.3 511.67 512.49 514.41 516.16 514.11 513.82 516.96 517.03 513.59 512.67 513.6 513.16 521.97 526.26 528.63 520.29 530.96 546.66 551.66 551.95 552.13 526.07 553.11 554.78 554.72 555.92 556.22 556.02 556 556.16 556.02 555.74 555.74 556.61 558.18 558.16 557.86 557.19 556.74 557.15 556.93 537.04 541.59 527.98 533.46 526.56 515.1 515.08 514.85 516.47 517.74 518.04 517.54 517.64 518.07 532.48 525.15 536.98 537.4 537.11
-9999 -9999 515.14 512.41 514.09 514.03 510.31 510.67 512.51 511.38 514.65 518.12 512.08 512.42 512.58 516.67 517.18 517.54 517.67 517.51 514.27 515.95 517.32 529.3 529.65 529.1 525.02 522.94 532.63 550.57 551.25 551.83 552.3 552.71 553.15 553.16 552.38 552.69 555.27 556.03 556.07 555.81 555.88 555.94 555.94 556.19 557.56 557.53 557.61 557.07 556.56 556.43 547.1 521.67 513.74 515.42 516.19 516.58 516.28 514.75 514.91 517.7 518.96 518.59 518.06 517.75 520.7 537.34 522.65 536.27 537.76 535.8
-9999 -9999 515.54 515.82 512.65 510.83 510.7 510.84 511.05 511.8 516.09 516.64 519.61 512.42 513.23 512.27 517.34 517.99 528.49 521.15 513.64 512.69 511.87 520.19 517.59 520.46 528.03 514.39 521.74 527.72 550.54 551.16 551.53 551.7 551.52 551.2 549.34 552.22 550.17 555.41 554.06 554.82 555.78 555.96 556.1 556.3 556.39 555.62 549.16 556.68 555.32 537.34 527.9 514.69 514.78 515.08 516.13 514.94 514.26 514.03 515.18 516.9 518.4 518.45 518.04 516.78 517.4 530.77 537.22 537.21 538.72 537.36
-9999 -9999 511.41 513.33 512.41 511.14 510.71 510.43 510.55 513.26 519.46 520.1 520.88 518.29 516.77 515.01 516.99 517.77 517.69 514.1 511.14 512.01 511.72 512.14 512.43 511.58 510.95 511.38 516.43 530.24 544.84 550.35 550.62 550.41 550.31 550.22 549.12 547.45 546.42 550.47 549.69 554.32 555.08 555.84 555.85 555.76 555.07 553.58 545.45 547.53 545.42 528.98 513.84 517.67 517.86 517.12 516.98 516.32 515.29 514.81 515.73 516.85 517.36 517.74 517.68 521.87 525.31 533.09 532.75 538.48 538.83 537.71
-9999 -9999 510.22 510.79 510.59 510.65 510.76 509.96 510.64 516.66 520.35 520.57 519.74 512.03 511.9 518.53 529.66 514.33 512.24 510.89 511.22 512.12 512.67 513.01 512.62 511.41 511.13 512.01 512.1 513.23 511.12 513 550.31 544.86 541.2 537.76 544.82 546.19 538.04 534.32 547.58 548.11 548.14 551.71 551.41 552.65 549.91 549.79 542.35 532.61 530.3 523.52 515.33 515.94 516.95 517.36 516.79 516.47 516.04 515.65 516.28 517.13 517.35 517.87 518.15 517.67 533.59 525.8 538.3 538.76 538.18 537.96
-9999 -9999 509.6 510.04 510.37 510.34 510.51 510.31 510.36 517.15 514.95 510.8 510.76 511.35 513.14 520.07 526.93 518.33 511.69 511.35 512.12 513.31 513.33 513.47 513.44 512.8 512.06 512.31 512.97 512.4 510.66 511.14 529.44 516.19 512.57 519.13 539.34 516.7 545.47 545.11 545.09 547.15 547.18 547.33 547.72 547.98 548.46 538.78 531.54 531.5 531.13 529.9 519.6 515.17 516.73 518.41 513.39 515.73 514.37 515.2 517.89 528.75 517.22 517.82 517.98 515.15 517.08 530.63 539.03 540.6 538.29 538.85
-9999 -9999 511.37 509.32 510.05 509.9 509.16 509.74 510.25 512.32 514.71 510.66 512.64 510.47 513.08 516.65 519.83 515.63 512.18 512.21 512.64 512.7 512.88 514.35 514.33 513.27 511.03 510.88 510.71 510.56 510.82 512.52 514.07 514.91 512.1 521.99 544.3 545.34 545.08 544.52 544.89 547.03 547.06 547.19 547.18 547.08 541.37 532.61 531.8 531.74 530.61 527.43 529.04 528.4 529.27 518.89 529.35 542.43 531.69 536.97 537.41 532.52 526.89 515.05 518.72 517.35 531.15 543.05 542.39 545.61 540.72 541.38
-9999 -9999 509.5 509.75 513.01 509.82 509.12 508.97 509.88 510.35 512.26 510.91 515.2 510.38 510.8 511.33 511.22 511.24 512.27 512.57 513 513.03 512.74 514.63 513.89 512.67 511.12 511.18 511.03 510.77 510.8 510.92 514.91 512.79 513.39 522.5 539.35 544.42 544.33 543.69 545.28 546.6 546.8 546.57 546.34 546.04 535.75 532.12 531.8 531.43 529.07 526.49 514.04 524.06 531.82 528.63 534.47 538.46 545.56 531.05 542.14 526.45 524.68 515.05 518.41 523.58 537.42 543.05 544.26 547.28 547.72 545.53
-9999 -9999 510.73 509.52 512.88 517.16 512.13 508.84 509.32 509.84 511.13 514.55 513.58 510.75 511.54 511.82 514.04 511.2 510.79 512.19 513.02 513.23 512.78 512.83 511.98 511.56 511.29 511.09 510.95 510.88 510.99 510.96 511.61 511.27 510.65 535.03 525.82 541.43 541.82 542.86 542.38 544.78 541.31 539.29 544.73 538.54 533.13 531.87 531.37 530.75 527.15 525.41 521.17 531.58 532.15 532.03 541.98 539.48 546.12 547.06 532.5 546.26 531.27 518.76 529.81 545.69 543.76 547.99 544.07 549.37 548.78 544.94
-9999 -9999 509.91 509.77 510.71 512 511.92 509.58 509.54 509.52 509.97 513.96 513.39 511.88 511.64 514.15 514.2 515.27 513.11 511.09 512.25 512.66 512.54 511.73 511.44 511.46 510.85 510.9 511.23 510.86 510.92 511.12 511.23 511.02 510.42 510.31 538.69 541.22 540.52 538.65 535.79 538.82 536.12 535.99 535.79 534.6 533.53 531.43 530.98 529.14 521.48 521.54 516.54 531.11 532.15 532.05 543.65 545.59 542.17 546.05 539 529.07 519.75 521.85 526.59 538.95 520.25 549.55 549.79 549.65 549.9 549
-9999 -9999 510.02 510.78 509.81 510.17 510.46 509.81 509.33 509.39 511.46 514.12 513.46 511.64 511.28 513.8 514.51 514.96 514.64 511.79 511.71 511.95 511.71 511.25 510.96 512.74 512 511.55 512.15 512.41 510.93 511.26 511.36 511.11 510.84 510.52 539.19 536.74 534.16 535.21 535.68 535.82 535.66 535.34 535.12 534.52 533.74 532.06 530.44 525.74 517.09 513.43 526.58 530.24 534.9 536.65 545.58 545.55 545.92 546.08 544.48 520.95 515.42 544.69 533.06 547.09 549.57 550.21 550.48 549.81 548.1 550.31
-9999 -9999 509.1 511.41 510.77 510.77 510.33 510.33 510.61 509.21 509.85 512.57 510.56 510.34 511.72 513.66 514.03 513.81 512.5 512.34 511.53 511.55 511.71 510.73 511.46 512.41 512.88 511.71 512.33 512.82 511.37 511.46 511.18 510.97 511.04 510.61 518.85 517.38 534.4 534.95 535.22 535.16 534.69 534.21 534.49 534.17 533.57 531.16 528.98 522.29 512.88 512.97 515.07 513.78 523.08 541.15 545.73 545.81 521.34 546.26 544.54 540.73 543.95 520.86 545.85 549.36 550.08 550.64 550.72 548.25 550.25 550.12
-9999 -9999 509.71 509.9 515.8 512.75 510.31 510.51 510.47 509.79 510.1 510.09 509.84 510 510.51 511.56 513 512.42 511.65 511.27 512.71 511.81 511.37 510.97 511.48 511.83 511.18 511.91 512.38 512.68 512.54 511.79 511.28 511.35 511.53 510.86 510.56 519.49 530.06 533.51 533.85 533.78 533.93 533.81 533.83 533.69 533 526.88 521.42 518.95 512.6 512.42 512.13 514.01 523.3 515.33 545.83 534.7 530.81 546.13 545.34 541.54 533.42 548.92 549.85 550.23 550.56 551.16 550.95 546.89 550.09 520.6
-9999 -9999 515.98 511.28 518.52 514.65 510.93 510.89 512.05 510.19 510.18 509.46 509.92 510.79 510.06 509.3 510.73 510.49 510.35 510.27 512.24 512.51 511.38 511.09 511.43 511.95 511.86 511.39 512.15 512.57 512.42 511.38 512.84 512.14 511.94 511.42 510.98 511.07 511.62 522.93 530.82 530.83 533.38 533.42 533.52 532.26 526.53 522.53 512.93 512.52 515.44 515.55 512.11 514.54 519.3 520.09 537.08 540.61 539.58 528.56 545.36 540.89 520.11 540.45 547.35 549.67 550.55 551.28 550.99 550.15 549.65 549.14
-9999 -9999 516.63 518.02 519.3 514.14 510.28 509.73 509.78 509.53 509.58 509.23 509.95 510.24 509.95 509.89 510.2 510.26 510.18 510.21 510.61 511.73 512.16 511.22 511.14 511.16 511.21 510.7 512.06 512.49 511.87 511.09 512.5 512.88 512.24 511.93 511.19 511.25 511.37 513.06 528.14 529.13 524.04 528.64 531.92 525.02 515.58 513.49 513.31 515.09 515.87 516.43 515.23 516.6 519.32 537.9 534.7 534.5 538.67 545.97 545.54 535.26 523.96 526.15 540.42 540.3 549.08 550.68 550.66 549.54 548.71 533.44
-9999 -9999 516.78 512.28 519.15 513.81 509.22 509.37 509.28 509.76 510.25 509.59 509.73 509.8 509.71 510.13 509.95 509.94 509.74 509.97 510.1 511.47 512.23 511.73 511.26 511.17 511.06 511.43 511.58 511.99 511.06 510.8 512.28 512.54 512.37 511.79 510.75 510.51 510.79 510.35 510.74 516.32 509.83 510.67 513.84 514.82 514.17 513.93 515.09 516.11 517.48 517.58 524.08 524.77 537.07 539.76 535.56 544.86 537.01 545.33 541.03 533.41 515.19 535.66 536.65 542.31 548.86 549.05 548.45 547.25 543.37 541.23
-9999 -9999 514.58 510.77 510.94 509.76 509.24 508.88 509.35 509.32 509.93 509.38 509.57 509.66 510.1 509.91 509.78 509.98 509.71 509.95 510.06 511.87 511.88 511.68 510.87 511.16 511.43 511.8 511.83 510.9 510.21 511.67 512.21 512.69 512.23 510.23 510.43 510.37 510.3 510.4 510.51 510.25 510.1 510.27 511.02 514.11 514.29 515.22 516.53 514.51 512.27 513.76 515.81 530.9 531.65 533.86 541.27 540.43 545.11 536.97 530.3 529.62 530.85 540.04 541.91 547.29 548.43 548.67 548.19 547.13 546.02 547.07
-9999 -9999 531.46 511.15 510.02 510.01 509.28 508.97 509.58 509.27 509.53 509.5 509.51 509.58 510.4 510.14 509.84 510.31 509.98 510.08 510.08 510.34 510.47 510.72 510.98 511.38 511.62 512.24 511.25 510.88 510.33 511.49 511.81 511.46 511.18 510.89 510.11 510.29 510.84 510.77 510.44 510.52 510.47 510.29 510.4 512.85 512.48 511.56 513.01 512.08 511.74 525.88 534.79 522.1 526.01 537.79 538.88 531.75 520.2 525.54 537.25 525.91 538.86 545.88 546.79 547.79 547.55 548.18 548.04 547.54 545.71 543.32
-9999 -9999 518.85 530.04 513.44 512.29 509.4 509.17 510.59 509.77 509.31 512.9 509.7 512.52 510.32 510.31 510.57 510.51 510.39 510.12 509.86 509.75 509.9 510.22 510.71 510.65 511.58 512.38 512.47 511.64 510.34 510.45 510.47 510.32 512.75 512.16 511.51 511 511.4 511.18 510.45 510.34 510.63 511.04 514.77 521.56 521.2 511.16 511.94 511.96 511.69 511.61 535.89 538.49 539.08 539.05 539.06 538.65 534.66 533.32 535.86 534.76 536.64 541.61 543.72 546.98 543.91 546.95 547.46 542.46 543.02 544.49
-9999 -9999 512.45 528.86 525.5 511.89 508.94 509.43 513.68 510.58 510.63 509.08 509.41 509.54 510.12 510.61 512.4 510.88 510.09 509.96 509.81 509.96 510.59 510.4 510.2 510.51 511.92 512.62 512.84 512.04 510.26 510.1 510.46 511.27 515 513.72 512.43 512.13 511.48 511.21 510.49 509.85 510.16 510.52 532.09 529.74 511.52 510.81 533.53 513.18 511.55 511.46 515.21 537.96 539.61 538.66 538.91 538.61 536.86 531.84 523.65 534.77 541.03 542.06 542.47 542.42 542.07 542.97 542.68 541.49 542.43 543.73
