tests/GridSurface/491_926.asc
ncols 106
nrows 352
xllcorner 491894
yllcorner 926648
cellsize 1
nodata_value -9999
[rows 64 to 95 of 352, columns 0 to 71 of 106]
527.99 527.59 527.47 527.51 527.03 526.93 526.63 526.9 527 527.06 526.72 526.6 526.4 526.2 526.43 526.43 525.93 526.95 527.09 527 526.26 526.36 527.04 526.11 526.43 526.32 526.83 525.64 526.29 526.08 525.63 525.16 526.3 526.12 525.76 526.29 525.2 525.66 525.69 526.11 525.23 525.2 525.08 525.44 525.32 525.71 526.05 525.87 525.31 525.23 524.73 524.86 524.9 525 525.1 525.37 525.24 525.34 525.1 525.14 524.92 524.37 524.44 524.55 524.47 524.34 524.11 523.85 523.2 523.05 522.75 523.13
527.55 527.01 527.39 527.03 527.44 527.21 527.27 526.87 526.38 527.21 527.02 526.77 526.57 526.32 526.35 526.52 526.55 527.2 525.72 526.75 526.47 526.12 526.51 525.34 527.11 526.45 526.08 525.73 525.98 525.85 525.78 525.11 526.1 526.2 526.07 526.36 525.77 525.79 525.86 526.09 525.54 525.16 525.48 525.48 525.54 525.42 525.39 526.15 525.59 525.13 524.71 524.83 525.05 524.84 524.93 525.14 525.37 525.51 525.24 525.04 524.49 524.87 525.17 524.59 524.49 524.67 524.28 523.86 523.49 523.08 522.9 524.03
527.49 528.25 527.5 527.08 527.55 527.61 527.57 527.45 527.04 527.19 527 526.78 526.93 526.82 526.51 526.8 526.77 527.17 526.18 526.76 526.96 526.51 525.75 526.84 526.3 526.07 526.04 525.88 526.33 525.26 526.24 526.01 525.64 525.95 526.26 526.24 526.04 525.89 526.01 526.1 525.88 525.56 526.21 525.62 525.53 525.71 525.25 525.49 525.81 525.4 524.95 525.25 524.71 524.95 525.44 525.31 525.11 525.28 525.01 524.85 524.24 525.3 524.79 524.51 524.57 524.72 524.41 523.95 523.46 522.99 523.12 523.92
527.7 527.46 526.87 528.13 527.88 527.71 527.45 527.38 527.31 527.19 527.4 527.2 526.99 526.98 526.86 527.05 527.08 527.31 527.12 527.4 527.36 526.64 526.51 527.04 526.55 526.86 526.42 526.43 525.77 525.33 526.45 526.84 525.26 525.72 526.47 526.09 526.26 526.6 525.91 526.7 526.36 525.55 526.27 525.81 525.14 525.49 525.92 525.77 525.98 525.66 525.58 525.13 524.44 525.17 525.25 525.4 525.35 525.32 524.96 525.22 524.99 525.51 525 524.8 524.66 524.89 524.64 524.2 523.43 523.87 524.66 524.54
527.81 528.16 528.02 527.88 527.94 528.01 527.25 527.31 527.18 526.85 527.12 527.23 526.86 527.02 527.28 527.59 527.75 527.55 527.11 526.86 527.72 527.36 527.12 527.37 526.85 526.05 526.66 526.6 526.03 525.91 526.36 526.95 525.82 526.04 526.34 525.86 525.65 525.54 525.39 526.88 526.94 525.38 525.56 526.44 525.47 524.68 526.17 525.69 526.16 525.79 525.77 525.55 525.47 525.36 524.96 525.48 525.46 525.38 525.19 525.04 524.98 525.39 525.18 524.36 524.61 524.83 524.97 524.02 523.42 523.87 525.29 525.62
528 527.71 526.79 527.12 527.53 527.66 527.56 527.38 527.26 527.22 527.4 527.4 527.29 527.15 527.83 527.52 527.34 527.09 526.03 527.53 527.52 527.07 527.09 527.58 527.36 527.03 526.65 526.62 525.91 526.58 525.54 526.44 526.26 526.34 526.49 526.01 525.83 525.8 526.66 526.19 526.34 525.73 525.55 525.8 525.33 525.59 526.47 525.78 526.29 526.05 525.92 525.89 525.53 525.22 525.08 525.39 525.51 525.14 525.21 525.06 525.45 525.4 525.06 525.07 524.86 525.12 525 523.65 523.42 525.52 525.33 525.32
528.12 528.03 527.54 527.4 527.46 527.28 527.99 527.42 527.38 527.13 526.72 527.33 527.89 527.69 527.42 527.29 527.39 527.76 526.77 527.93 527.93 527.56 527.27 527.37 526.78 526.55 526.39 526.93 527.05 526 525.94 525.94 526.35 526.91 526.48 525.98 527.06 526.54 526.01 527.19 525.85 525.95 526.39 526.1 525.52 526.67 526.14 525.78 525.83 526.18 526.1 525.63 525.19 525 525.66 524.81 525.53 525.45 525.83 525.85 526 525.53 525.33 525.63 525.48 524.94 524.35 523.81 523.54 525.2 525.37 525.08
528.72 528.08 528.29 528.15 527.9 528.56 528.24 527.69 527.74 527.3 526.95 526.99 527.88 527.32 527.65 527.37 527.55 527.21 527.4 527.68 526.85 527.53 527.23 527.09 526.33 526.13 526.56 526.74 526.04 526.52 526.58 526.61 526.45 526.74 526.39 526.17 526.45 526.33 526.64 526.62 525.81 526.47 526.39 526.8 525.74 525.9 526.15 526.02 525.92 526.33 526.23 525.65 524.83 525 526.02 525.03 524.49 524.58 525.87 526.43 526.05 525.24 525.81 525.5 524.9 525.24 525.5 524.54 523.89 524.39 525.68 524.82
529.01 529.06 528.1 528.1 528.31 528.41 528.17 528.13 527.44 527.49 527.71 527.46 527.89 527.55 527.62 527.6 527.62 527.74 527.24 526.94 527.71 527.87 527.48 527.48 526.44 526.57 526.96 526.12 526.33 526.56 526.66 526.51 526.6 526.54 526.18 526.23 526.51 526.5 526.87 526.44 525.25 526.8 526.7 526.47 525.37 525.61 526.2 526.23 526.14 525.86 525.75 525.38 525.38 525.75 525.78 525.09 524.66 526.22 525.98 526.38 526.39 524.77 525.85 525.65 525.31 525.76 525.41 524.88 523.97 524.61 525.33 525.05
529.59 529.03 528.35 528.95 528.42 529.11 528.81 528.26 527.35 528.46 528.08 527.9 527.38 527.65 528.02 527.64 527.58 527.54 527.83 526.83 527.08 527.54 527.42 527 526.45 526.43 525.8 526.28 526.17 526.52 526.39 525.72 526.76 526.73 526.45 526.2 526.17 525.88 526.57 526.59 526.54 526.07 526.03 525.83 525.54 525.77 526.21 526.4 526.47 526.27 525.85 525.42 525.73 526.38 526.22 526.09 526.07 525.96 525.86 525.99 525.68 525.37 526.51 526.43 526.22 526.04 525.61 525.22 524.47 524.27 525.37 525.36
528.7 529.17 528.95 528.89 528.85 528.94 529.18 529.03 528.22 528.84 528.51 528.11 527.68 527.71 527.64 527.78 527.62 527.43 527.62 527.45 527.52 527.46 527.09 527.19 526.14 527 526.65 527.35 526.92 526.42 526.21 527.18 526.55 526.08 526.57 526.42 526.51 526.65 527.14 526.96 526.8 526.52 526.03 525.7 526.3 526.26 526.32 526.51 526.25 524.92 525.77 526.15 525.8 526.18 526.09 526.26 526.14 526.06 525.64 525.44 525.17 526.56 526.21 526.1 526.36 526.22 525.56 525.5 524.91 524.6 525.58 525.43
529.49 529.04 528.61 529.44 528.71 529.42 528.97 528.64 528.81 529.02 528.41 528.18 528.56 528.21 527.72 527.55 527.45 527.39 528.05 527.89 526.66 527.08 527.86 526.69 527.07 527.16 526.58 527.57 527.2 526.43 525.87 526.63 526.71 526.79 526.78 526.48 525.86 526.52 527.11 526.69 526.48 526.62 525.66 526.7 526.49 526.22 526.3 526.29 526.29 525.86 526.58 526.72 526.33 526.36 526.17 526.11 525.73 525.95 525.84 525.43 525.62 526.17 526.25 526.65 525.71 525.63 525.83 525.61 525.33 524.69 525.98 525.59
529.27 529.25 528.72 529.01 528.87 528.63 528.8 528.75 528.46 528.44 528 528.3 528.46 528.52 528.2 527.51 527.89 528.27 527.41 527.41 527.61 527.61 527.55 526.77 527.33 527.94 527.34 526.8 525.86 526.28 526.93 527.06 526.93 527.03 527.08 526.43 526.56 527.01 526.73 526.56 526.57 526.59 526.51 526.34 526.46 526.19 526.5 526.51 526.48 526.02 525.93 526.23 526.66 525.55 525.67 526.27 525.85 526.83 527.56 527.54 527.35 525.4 526.27 526 526.07 525.88 526.45 525.86 525.09 524.76 525.91 525.83
529.07 529.23 529.14 529.17 529.02 529.22 529.13 529.18 528.21 528.46 528.14 528.11 528.14 528.33 528.2 527.96 527.61 527.78 527.98 527.55 527.2 527.73 528.36 527.66 527.06 526.86 527.49 526.96 526.49 526.77 526.94 527.15 527.25 527.16 526.94 526.14 526.01 526.82 526.04 526.46 526.66 526.73 526.93 526.76 526.16 526.15 526.82 526.77 526.29 525.94 526.09 526.1 525.96 526.21 525.74 526.97 526.68 527.14 527.64 527.9 527.8 526.94 527.08 526.21 526.37 525.96 526.07 525.6 525.26 524.87 525.79 526.18
529.23 529.37 529.2 529 528.82 529.34 529.42 529.47 529.15 529.01 528.69 528.51 528.56 528.68 528.3 528.2 527.96 527.8 528.14 528.38 528.46 528.49 528.33 528.42 527.86 527.73 528.43 527.26 527.7 527.52 527.15 526.8 527.16 527.22 526.76 526.86 526.57 526.8 526.28 526.68 526.87 526.81 526.37 527.16 525.87 525.48 527.29 526.56 526.19 526.07 526.26 526.37 526.22 526.29 525.79 526.81 527.11 526.99 527.1 527.42 527.61 527.05 526.66 526.73 526.83 526.49 526.41 525.77 525.29 524.86 526.45 526.24
529.33 529.5 529.27 529.5 529.96 529.22 528.93 529.21 529.13 528.99 528.66 528.2 528.02 528.2 528.64 528.72 528.38 527.95 528.04 528.29 527.96 527.71 528.46 528.32 527.95 527.9 527.6 526.73 527.56 527.01 527.11 527.28 526.93 527.23 526.62 526.95 527.26 526.9 526.83 527.02 527.19 526.93 526.84 527.48 525.6 526.82 526.23 526.64 526.28 526.56 526.58 526.41 525.77 526.35 526.9 526.71 527.12 526.57 526.83 526.96 527.19 527.04 526.84 526.63 526.83 526.51 526.41 525.75 525.46 524.86 525.81 526.44
529.79 529.59 529.36 529.67 529.76 529.66 529.53 529.07 529.42 528.84 529.16 529.24 528.52 528.59 528.8 528.66 528.53 528.35 528.66 528.24 528.29 528.72 528.37 528.68 527.58 527.15 527.38 527.26 526.63 527.44 527.47 527.42 527.13 526.91 527.09 527.37 527.35 527.32 527.37 527.18 527.12 526.39 526.56 526.55 526.43 527.29 527.1 526.55 526.39 526.7 526.53 526.52 526.21 525.8 526.78 526.2 527 526.63 526.56 526.88 527.23 526.16 526.28 526.3 526.06 525.89 525.9 525.64 525.57 525.06 526.65 526.51
529.88 529.73 529.48 529.36 529.43 529.45 529.56 529.52 529.7 529.14 529.21 529.22 529.17 529.47 528.12 528.23 528.26 528.5 528.19 527.84 529.1 528.76 528.33 527.55 527.34 527.87 527.46 528.1 527.86 527.66 527.5 527.27 526.72 526.86 526.46 527.45 527.4 527.68 527.37 527.21 526.81 526.09 526.36 526.28 527.2 526.45 526.98 526.94 526.7 526.6 526.97 526.73 526.56 526.71 526.73 526.7 526.45 526.57 526.42 525.97 526.77 526.27 526.56 526.27 526.01 526.25 525.92 525.78 525.3 525.69 526.89 526.72
529.76 529.73 529.96 529.44 529.35 529.72 529.52 529.45 529.57 529.27 528.98 529.21 529.54 529.09 528.47 528.64 528.39 528.55 528.18 528.12 529.03 528.86 528.54 527.8 527.44 527.78 528.61 527.76 526.8 527.92 527.63 527.18 526.91 527.02 526.42 527.29 527.28 527.26 527.08 526.67 526.8 526.96 526.79 527.08 526.9 526.68 527.13 527.07 526.74 526.54 526.59 527.06 526.86 526.91 526.94 526.74 526.84 527.06 526.38 525.46 526.59 526.9 526.86 526.69 526.89 526.8 526.54 525.88 525.29 526.6 527.5 527.41
530.15 530.07 530.24 530.43 529.49 529.29 530.05 530.21 530.56 530 530.31 529.71 529.73 528.84 529.2 529.07 528.97 528.65 528.33 528.38 527.64 528.43 529.15 528.63 528.14 528.15 528.22 527.76 527.64 527.65 527.61 527.3 527.18 526.99 527.01 527.03 526.97 527.03 527.22 526.43 527.14 527 527.22 527.1 527.13 526.99 527.13 527.26 526.68 526.54 526.45 527 527.07 527.05 526.78 526.55 527 527 527.18 527.25 526.94 526.36 527.31 527.32 527.05 526.54 526.33 525.73 525.19 526.64 526.98 527.89
530.15 530.22 530.13 529.56 530.44 530.2 530.39 530.73 530.76 530.62 530.14 529.84 529.88 529.49 529.77 529.7 529.15 529.15 529.2 528.63 529.05 528.94 528.85 528.37 529.13 528.68 528.04 527.66 527.66 527.77 527.73 527.39 527.06 526.6 526.39 527.17 527.62 527.54 527.2 527.37 527.51 526.72 526.71 527.06 527.06 527.16 527.32 526.68 526.55 527.02 526.52 526.34 526.8 526.59 527.11 526.95 526.91 526.75 527.28 526.99 527.08 526.87 527.49 527.21 526.91 526.18 525.64 526.44 525.89 527.75 527.73 527.15
530.04 530.57 530.11 529.38 531 530.25 530.38 530.69 530.62 530.7 529.31 529.3 529.58 529.62 529.83 529.56 529.16 529.22 529.22 529.26 529.48 528.9 528.5 527.97 528.57 528.87 527.87 527.76 528.06 527.67 527.3 527.63 527.04 526.95 526.79 526.91 527.19 527.6 527.46 526.89 527.36 527.51 527.11 527.28 527.1 526.62 527.03 526.47 527.51 527.19 526.62 527.05 526.76 526.03 527.02 526.93 527.35 526.99 527.13 527.18 527.18 527.15 527.19 527.11 527.05 526.13 525.45 525.83 527.99 528.76 527.98 526.49
530.02 530.84 531.03 530.78 530.86 530.92 530.86 531.12 530.71 530.83 530.75 530.45 529.78 529.79 529.81 529.42 528.91 529.31 529.58 529.37 529.45 529.28 529.2 528.79 528.69 528.73 528.54 527.91 529.23 528.39 528.39 527.75 527.37 527.08 526.87 527.49 527.62 527.56 527.51 527.08 527.76 526.63 527.54 527.38 527.74 526.75 527.91 527.62 527.6 527.8 527.69 527.39 527.12 527.14 526.55 527.43 526.35 527.3 527.29 526.95 527.48 527.53 527.35 526.81 526.55 525.66 525.46 527.18 528.21 528.34 528.09 526.75
531.14 530.91 530.8 530.35 531.38 531.38 531.35 531.27 530.71 530.57 530.1 530.04 529.99 530.43 530.19 528.97 529.41 529.4 529.59 529.41 529.38 529.52 529.24 528.8 528.94 528.55 529.43 527.54 529.12 528.81 528.71 527.89 528.24 528.76 527.9 528.47 527.99 527.91 526.8 527.33 527.39 527.84 527.91 527.61 527.65 527.75 527.99 527.44 527.53 526.81 526.16 527.34 526.97 527.66 527.23 527.5 527.46 527.19 526.34 527.29 527.53 527.91 527.39 526.98 526.69 525.48 526.25 527.14 527.51 527.89 527.56 527
530.86 530.95 531.14 530.48 531.28 531.32 531.22 531.05 530.5 530.5 529.83 530.46 530.44 530.37 530.07 529.43 529.93 529.35 529.62 529.3 528.92 529.26 528.3 528.87 529.22 529.78 530.01 529.46 529.01 529.13 528.96 528.06 528.57 528.38 528.55 528.08 528.23 528.2 528.36 527.56 527.49 527.65 527.77 527.71 527.6 527.66 527.39 527.69 527.23 527.29 527.61 527.87 526.92 526.68 527.35 527.45 526.88 526.05 526.77 527.04 527.17 527.43 527.49 527.39 526.73 525.57 527.03 527.39 527.06 527.18 526.76 526.93
530.22 530.78 531.05 531.03 531.08 531.4 531.32 530.96 531.24 530.83 530.44 530.58 530.9 530.15 529.7 529.38 530.02 529.71 529.38 529.59 529.73 529.71 529.15 529.5 529.77 529.86 529.99 529.26 529.14 528.59 529.09 528.43 527.79 528.57 528.43 527.96 527.48 527.85 527.9 528.12 528.06 527.31 527.08 528.26 527.04 527.33 527.31 527.92 527.41 527.03 527.3 527.96 527.99 526.06 527.69 527.47 526.95 526.76 527.64 527.28 527.43 527.23 527.02 526.8 526.1 525.75 526.74 527.66 527.37 527.23 527.01 526.93
531.08 530.78 531.17 531.3 531.39 531.53 531.37 530.7 531.18 530.73 530.54 530.43 530.91 530.33 529.31 530.57 530.02 529.55 529.41 529.76 529.56 529.72 529.73 529.68 529.97 530.1 529.93 530.11 529.61 529.96 529.99 529.12 528.61 528.6 528.58 528.33 527.72 527.45 528.09 528.64 528.55 527.54 527.97 528.41 527.91 527.8 527.24 527.73 527.59 527.18 527.29 528.11 528.15 526.82 527.73 527.65 527.67 527.92 527.36 527.1 527.92 527.56 527.39 527.15 526.41 525.86 527.22 527.47 527.06 527.21 526.86 527.24
531.08 531.24 531.02 531.03 531.57 531.18 530.97 531.35 531.43 531.08 530.85 530.68 530.36 531.07 529.7 530.61 530.65 530.46 530.53 529.95 529.31 529.61 529.62 529.82 529.89 529.88 530.05 529.44 527.93 530.2 530.31 530.11 529.53 529.12 529.11 528.58 528.52 528.16 528.21 528.9 527.88 527.53 528.19 528.45 528.03 527.85 527.27 527.34 527.88 528.15 527.62 527.66 527.98 527.72 527.97 528.02 527.16 527.93 527.51 527.18 527.81 526.9 527.67 527.83 526.92 526.03 526.7 527.93 527.51 527.78 527.26 527.27
531.18 531.24 531.27 530.91 531.24 530.8 531.26 531.63 530.85 531.46 531.34 530.51 531.04 531.3 530.6 531.14 530.57 529.74 530.24 529.98 528.69 529.42 529.66 529.57 529.66 529.45 529.23 528.15 530.18 530.07 529.84 529.93 529.36 529.26 528.79 528.58 528.5 527.94 527.14 527.67 527.57 527.99 528.86 528.44 527.92 528.91 528.25 527.96 528.03 528.1 528.56 527.84 527.35 528.42 527.47 528.22 527.65 527.88 527.62 527.69 527.94 527.57 528.1 528.51 528.05 527.6 527.51 527.71 527.75 528.24 527.97 527.74
531.33 531.53 531.61 530.71 531.35 530.92 531.33 531.07 530.73 531.68 530.76 530.5 530.94 531.23 531.16 530.84 530.74 530.5 530.76 530.34 529.54 529.64 529.86 529.39 529.39 528.98 528.94 529.74 529.76 529.47 529.59 529.64 529.56 528.64 529.03 528.71 528.54 528.22 528.97 528.78 527.92 528.39 529.06 527.93 528.07 528.88 528.79 528.06 527.52 528.53 528.61 528.71 528.12 528.42 528.31 528.23 527.7 527.53 527.75 528.01 527.97 527.86 528.07 528.28 528.45 527.64 527.86 527.86 527.46 527.5 527.65 527.97
531.6 532 530.99 530.99 531.23 530.73 531.4 531.6 531.08 531.07 531.24 531.32 531.15 531.51 530.93 530.61 530.47 530.56 530.49 530.14 529.8 529.73 529.85 529.63 529.71 529.23 528.88 529.97 529.48 529.32 529.21 529.57 529.77 529.37 528.82 529.18 528.76 528.94 529.12 529.28 528.99 528.2 527.93 527.99 528.94 528.91 528.94 529.03 528.25 527.99 528.72 528.2 528.17 528.04 527.9 527.53 527.73 528.06 527.92 527.9 527.97 527.63 527.01 527.39 528.26 528.15 527.94 527.8 527.91 527.92 527.98 527.87
531.17 531.98 532.29 531.52 531.69 531.29 531.94 531.39 536.73 533.38 537.59 541.9 541.09 540.89 531.07 530.4 530.8 531 530.86 530.21 529.87 529.73 530.05 529.87 529.99 529.26 529.84 529.87 529.51 529.12 528.84 528.89 529.89 529.55 529.1 529.27 528.72 529.05 529.57 528.58 528.38 528.39 527.95 528.33 528.85 529.29 528.19 528.55 528.41 528.03 528.21 527.83 527.65 527.63 528.35 527.85 528.21 527.86 527.6 527.37 527.46 526.92 526.63 526.95 528.36 528.24 527.96 527.79 527.97 528.02 527.94 527.67
