tests/GridSurface/491_927.asc
ncols 112
nrows 1000
xllcorner 491888
yllcorner 927000
cellsize 1
nodata_value -9999
[rows 352 to 383 of 1000, columns 0 to 71 of 112]
-9999 -9999 522.16 522.34 522.4 522.35 522.2 522.08 521.58 521.59 521.63 521.73 521.88 521.93 521.76 521.63 521.57 521.49 521.19 521.21 521.28 521.73 521.72 521.35 521.38 521.37 521.59 521.69 521.79 522.1 522.1 521.95 520.99 520.73 521.09 521.3 521.64 521.92 523.08 524.82 523.99 524.33 521.53 521.7 522.05 521.98 524.83 523.62 521.69 522.13 521.54 524.06 525.07 526.14 523.34 522.62 522.5 522.4 522.17 522.01 521.97 521.81 521.69 521.56 521.5 521.67 522.65 522.56 522.04 522 521.94 521.93
-9999 -9999 522.41 522.14 522.08 522.1 521.64 521.98 521.82 521.68 521.73 521.82 521.8 521.84 521.79 521.68 521.48 521.05 521.2 521.2 521.14 521.24 521.34 521.07 520.78 521.04 521.35 521.58 521.71 522.12 521.63 521.51 520.67 520.81 521.05 521.38 521.42 521.78 522.53 523.16 521.52 521.42 521.41 521.58 522.5 522.77 522.5 521.29 522.08 522.74 523.72 524.97 525.83 523.66 522.44 523.66 522.29 522.19 522.08 523.42 522.12 522.11 521.85 521.72 521.28 521.86 522.47 522.32 521.85 521.87 521.83 521.68
-9999 -9999 522.27 522.01 521.99 522.14 521.65 521.86 521.52 521.89 521.74 521.6 521.7 522.08 522.01 522.24 523.04 523.34 523.1 522.89 522.26 521.11 521.13 521.01 520.76 520.79 520.93 521.15 521.58 521.58 521.12 521.38 521.45 521.32 521.62 521.49 521.42 521.53 522.29 522.4 521.29 521.14 521.53 521.85 522.94 522.57 521.65 521.13 522.2 521.95 524.63 521.56 523.51 525.53 521.35 521.71 522.29 522.38 524.87 524.95 522.2 525.17 522.01 521.41 521.2 521.17 521.87 521.78 521.69 521.98 522.03 521.79
-9999 -9999 521.99 521.7 522.01 521.92 521.64 521.83 521.75 521.27 521.24 521.3 521.62 522.54 522.39 522.32 522.55 523.04 523.91 523.98 524.03 522.87 521.03 521.37 521.02 520.97 520.66 520.53 520.53 520.53 520.46 520.13 521.27 521.65 521.69 521.63 521.7 521.64 521.47 521.65 521.05 521.07 521.35 521.86 522.57 522.38 521.95 521.4 521.55 523.89 523.32 522.65 520.88 523.21 521.31 521.65 522.06 522.24 522.12 521.94 522.55 524.59 522.96 521.42 521.26 521.25 521.42 521.73 521.73 521.85 522.12 521.49
-9999 -9999 521.73 521.83 521.99 521.93 521.65 521.69 521.73 521.31 521.36 521.41 521.44 522.74 522.71 522.68 522.38 522.85 524.34 523.99 524.05 522.17 521.22 521.34 521.51 521.37 521.16 520.9 520.87 520.76 520.4 520.03 521.59 521.67 521.46 527.97 524.36 521.24 520.95 521.05 521.04 521.07 521.25 521.64 522.16 522.49 522.48 521.98 522.69 522.51 521.37 521.99 521.07 520.51 520.85 521.72 521.86 522.06 521.87 521.59 521.21 521.22 521.35 521.34 521.14 521.36 521.37 521.52 521.64 521.97 522.18 521.39
-9999 -9999 521.39 521.45 521.7 521.15 521.28 521.47 521.54 521.44 521.43 521.6 521.52 521.35 521.58 521.74 521.63 523.12 520.47 520.85 521.62 521.33 521.4 521.48 521.37 521.28 521 521.04 521.23 521.08 520.73 520.23 520.64 521.56 521.75 528.52 527.7 522.13 520.84 521.04 521.68 521.16 521.48 521.64 521.75 521.84 523.83 523.83 524.42 523.06 521.29 521.8 521.86 521.1 520.34 521.02 521.37 521.49 521.41 521.24 520.6 520.87 521.31 521.32 521.39 521.12 521.2 521.22 521.37 521.49 521.88 521.65
-9999 -9999 521.58 521.68 521.69 521.99 521.46 521.48 521.53 521.43 521.66 521.85 521.37 521.17 521.09 521.06 520.8 520.7 520.56 520.63 520.9 521.37 521.34 521.4 521.11 521.06 521.14 520.97 520.83 521 521.1 520.57 520.41 521.94 532.1 529.98 524.67 527.7 523.52 522.31 522.19 521.3 521.44 521.41 521.7 521.82 521.61 521.06 520.97 521.05 521.16 521.32 522.1 521.81 520.51 520.64 521.1 521.23 522.99 522.78 521.14 521.05 521.31 521.99 521.55 520.94 521 522.86 522.91 521.63 522.05 521.31
-9999 -9999 521.79 521.86 521.72 522.35 521.46 521.35 521.13 521.25 521.57 521.83 521.2 521.03 520.92 520.87 520.87 520.92 520.52 520.61 520.58 520.95 521.03 521.34 521.1 521.05 521.04 520.77 520.69 520.9 521.36 521.18 520.78 521.23 525.11 528.04 526.69 527.15 526.38 521.19 521.29 521.4 521.15 521.16 520.95 521.34 521.2 521.06 520.85 520.88 521.13 521.3 521.61 521.36 520.93 520.66 520.85 521.76 523.57 523.85 523.4 521.23 521.6 521.75 521.71 521.07 522.43 523.97 523.22 521.43 521.37 521.71
-9999 -9999 521.67 521.77 521.98 521.32 521.18 520.8 520.92 521.03 521.32 521.92 522.22 521.32 520.81 521.04 521.05 520.95 520.28 520.38 520.17 520.07 520.65 520.63 520.91 520.95 520.99 520.71 520.85 520.98 521.18 521.12 520.98 524.12 525.3 530.83 528.73 523.9 522.73 521.61 521.5 521.64 520.99 521.01 520.96 520.99 521.09 521.05 520.91 520.94 521.3 521.02 521.32 521.38 520.9 520.32 521.25 522.06 523.89 524.03 523.07 521.14 521.43 522.42 523.05 522.33 523.84 524.21 522.81 521.17 521.3 521.87
-9999 -9999 521.41 521.5 521.5 521.57 521.82 521.15 521.2 520.74 521.37 523.38 523.49 523.1 520.76 520.9 520.87 520.81 520.18 520.08 520.26 520.53 520.5 520.42 520.75 520.72 520.69 520.72 520.76 520.93 521.15 521.22 522.99 520.23 523.56 527.29 527.31 524.45 523.2 521.82 521.78 521.72 520.78 520.68 520.87 520.85 520.89 520.73 520.9 521.24 521.24 520.84 521.05 521.46 521.11 521.37 521.6 521.22 522.92 524.07 522.28 520.93 521.29 522.64 523.24 523.1 524.12 524.25 523.26 521.61 521.75 521.8
-9999 -9999 520.9 521.09 521.83 522.54 523.07 522.66 521.83 521.26 522.36 523.62 523.28 522.05 521.14 520.93 521.08 520.74 520.42 520.26 520.32 520.62 520.74 521.02 520.81 520.76 520.72 520.65 520.72 520.89 520.95 520.17 527.07 522.05 527.06 528.73 528.87 526.8 526.39 522.42 521.4 521.48 520.64 520.75 520.98 521.09 521.03 520.88 520.76 520.77 520.81 520.81 520.92 521.15 521.4 520.59 520.4 521.17 520.93 521.11 520.92 521.33 521.7 522.04 522.22 521.44 521.48 522.26 522.23 522.38 522.07 521.66
-9999 -9999 520.98 521.17 521.95 522.5 523.02 522.85 522.34 521.7 521.76 522.43 522.4 520.95 520.96 521.75 521.58 521.23 520.64 520.27 520.43 520.66 520.76 520.75 520.83 520.83 520.66 520.47 520.59 520.87 520.63 520.22 519.91 521.7 524.3 528.57 525.35 521.98 523.39 523.58 522.49 520.78 520.62 520.72 520.8 520.7 520.39 520.51 520.66 520.93 521.09 520.76 520.82 521.01 520.98 520.53 520.06 520.2 520.24 519.85 520.67 521.5 521.82 522.1 521.93 521.83 520.5 520.25 524.36 523.2 522.1 523.56
-9999 -9999 521.09 520.88 521.46 522.66 522.63 521.91 521.65 521.68 521.58 521.29 521.24 521.44 521.95 522.3 522.6 521.4 520.65 520.25 520.35 520.73 520.75 520.76 520.97 520.83 520.46 520.33 520.39 520.55 520.74 520.19 520.27 521.11 521.41 525.25 521.18 521.54 522.88 522.87 520.87 520.65 520.77 520.6 520.61 520.55 520.56 520.73 520.87 521.05 520.81 520.41 520.48 520.7 520.44 520.16 520.22 520.87 522.28 521.89 520.26 521.01 521.53 521.91 522.12 524.46 523.28 523.21 523.91 522.81 522.22 523.73
-9999 -9999 520.92 520.87 520.97 520.82 520.52 520.68 521.46 521.66 521.52 520.94 521.06 521.68 523.37 523.01 521.53 521.28 520.71 520.42 520.24 520.32 520.52 520.74 520.5 520.27 520.22 521.65 520.87 520.67 520.68 520.22 520.79 520.76 520.62 520.88 520.86 520.9 521.18 520.77 520.9 520.61 520.46 520.38 520.31 520.56 520.72 520.7 520.44 520.22 520.24 520.26 520.12 520.31 520.3 520.43 521.88 522.62 523.09 523.44 522.15 521.04 521.05 521.39 522.78 525.34 525.28 524.46 523.97 522.99 521 521.4
-9999 -9999 527.77 520.89 520.9 520.55 520.5 520.69 521.13 521.76 521.8 521.42 521.31 523.15 524.6 521.18 521.02 520.84 520.56 520.47 520 520.11 520.64 520.74 520.64 520.7 520.74 521.91 522.69 520.76 520.57 520.16 520.65 520.28 520.5 522.03 523.66 521.68 520.59 522.42 520.97 520.68 523.03 520.23 520.44 520.47 520.47 520.47 520 520.16 520.1 520.08 520.13 520.22 520.36 521.84 523.55 524.41 524.01 520.3 520.4 520.92 520.07 520.15 520.42 520.98 521.77 523.74 523.9 522.82 520.72 519.52
-9999 -9999 525.19 520.89 520.97 520.79 520.73 520.82 521.07 521.29 521.41 521.3 521.38 524.51 522.04 520.89 520.93 520.67 520.73 520.22 519.94 520.11 520.72 520.95 521.07 521.14 521.62 521.44 521.97 522.29 520.19 519.45 519.93 521.83 520.83 522.65 521.04 520.26 520.29 520.91 522.52 524.28 521.23 522.49 520.36 520.33 519.99 519.89 520.36 521.98 520.46 520.29 520.36 520.45 520.5 520.8 522.94 522.07 520.67 524.08 524.46 521.76 520.71 521.72 522.64 521.5 521.4 523.29 523.89 522.29 520.75 519.66
-9999 -9999 529.94 532.59 530.02 521.38 520.9 521.7 521.25 520.96 521.04 521.11 521.01 521.23 520.63 520.83 521.05 520.77 520.46 520.14 519.99 520.23 521.28 521.15 520.96 521.85 522.03 522.46 521.96 521.75 520.91 519.38 520.94 521.68 523.71 520.56 520.26 520.36 520.3 522.75 523.57 523.61 524.86 523.91 520.08 520 519.71 521.66 522.48 522.47 521.44 520.19 520.64 520.58 520.81 522.09 520.36 521.09 520.71 524.29 524.62 523.02 521.48 521.43 522.08 521.13 521.2 522.31 522.41 523.16 521.42 522.49
-9999 -9999 520.32 526.09 520.8 521.3 521.11 521.62 521.75 520.69 520.73 520.62 520.63 520.38 520.6 520.58 520.77 520.61 520.21 519.98 519.77 520.45 520.85 521.19 520.94 521.01 521.14 521.55 522.34 522.19 520.94 519.47 522.09 522.54 521.05 521.99 520.28 520.42 520.85 522.84 522.77 523.83 524.64 521.06 520.09 521.31 519.9 519.98 522.13 522.13 522.25 521.15 521.2 520.92 520.95 520.79 520.29 520.28 521.63 520.37 521.45 522.29 522.57 520.68 520.61 520.64 520.21 520.29 521.49 523.04 521.59 519.65
-9999 -9999 529.55 531.59 527.3 520.89 521.23 521.9 522.52 521.31 520.29 520.36 520.36 520.41 520.34 520.59 520.38 520.1 519.95 519.74 519.85 520.6 520.69 520.74 520.71 520.74 520.84 521.62 521.47 522.28 520.73 522.03 522.47 523.58 522.24 522 519.9 519.88 520.79 522.01 522.4 522.91 522.71 520.71 522.05 522.25 522.02 521.13 522.04 521.78 521.54 521.16 521.2 521.14 521.04 520.95 520.75 520.44 520.74 521.23 521.35 522.83 522.15 520.89 520.33 520.26 519.82 519.95 520.5 520.14 520.04 522.93
-9999 -9999 534.2 526.99 531.79 520.64 520.73 521.24 521.3 520.29 519.89 520.04 520.32 520.53 520.41 519.91 519.81 519.78 519.74 519.84 519.74 520.14 520.6 520.64 520.25 521.14 520.95 520.25 520.1 520.82 520 520.64 521.05 519.17 519.59 519.82 519.81 519.8 520.15 521.18 521.91 521.57 520.95 522.61 522.31 522.7 522.94 522.17 522.25 522.22 522.05 521.15 521.12 521.06 523.66 520.69 520.73 520.59 520.75 520.89 520.75 521.41 521.54 520.71 520.97 522.31 522.66 521.67 519.81 520.12 523.21 523.61
-9999 -9999 533.57 533.41 530.58 520.38 519.74 520.03 520.67 520.43 520.1 519.96 520.72 520.75 520.58 520.22 519.84 519.87 519.89 519.88 519.48 519.91 520.58 521.45 521.35 522.44 522.54 519.63 519.6 519.95 519.69 519.72 519.71 519.5 519.18 519.41 519.03 519.34 519.67 520.39 521.1 522.99 520.67 522.97 522.36 522.99 523.48 522.15 521.95 522.28 522.3 521.2 520.81 520.43 519.88 520.25 522.6 521.1 522.95 522.88 521.98 524.25 522.27 535.91 521.86 522.49 523.41 522.69 520.99 519.74 520.41 524.88
-9999 -9999 532.93 527.96 520.63 519.75 519.69 519.86 520.09 520.33 520.19 520.23 520.72 520.47 520.44 520.18 519.87 520.04 520.1 520.06 520.22 519.46 520.26 521.58 521.29 522.63 521.74 520 520.05 520.63 520.11 519.73 519.65 519.17 519.33 519.67 519.86 519.6 519.34 519.58 521.07 522.28 524.09 523.52 523.54 524.25 524.16 521.74 522.06 522.26 522.3 521.61 521.19 520.36 520.16 521.63 520.25 521.37 521.99 523.74 525.15 523.5 520.91 520.91 521.69 523.12 523.31 522.54 522.48 519.95 520.09 523.15
-9999 -9999 533.08 523.31 519.96 519.98 519.99 520.12 520.17 520.1 520.22 520.39 520.21 520.36 520.07 520.07 520.16 520.27 520.25 520.75 525.4 521.98 522.06 519.81 520.01 521.45 520.22 522.09 523.29 522.53 520.87 520.32 519.28 519.24 519.37 519.98 520.14 519.91 519.74 519.31 521 521.11 524.39 522.95 521.98 522.78 521.6 521.66 521.95 521.91 522.18 520.74 520.07 519.86 519.86 525.62 523.43 523.74 524.26 523.76 522.1 520.74 522.1 521.02 520.52 521.68 521.3 520.82 520.77 520.49 519.9 522.36
-9999 -9999 522.04 520.45 520.23 520 520.18 520.42 520.3 520.1 520.28 521.42 521.77 519.62 519.98 520.51 520.56 520.75 532.36 530.34 532.3 532.07 524.04 531.22 520.2 519.82 519.87 519.92 522.73 521.96 520.29 522.34 519.17 519.74 519.7 519.89 520.05 519.57 519.87 519.24 519.38 521.77 522.55 521.11 521.35 520.48 520.6 520.9 521.65 520.44 520.7 519.99 520.73 539.07 519.39 523.1 520.38 521.94 543.8 523.58 522.51 522.34 526.68 527.31 524.28 520.2 520 519.86 521.05 521.14 520.69 524.5
-9999 -9999 521.04 520.69 520.36 520.08 519.92 520.23 520.29 519.97 521.23 522.41 521.45 520.01 520.04 523.31 521.27 521.48 528.29 532.93 533.38 532.01 531.18 527.29 532.83 519.7 519.78 519.79 520.47 519.79 521.1 519.32 519.54 519.96 519.57 519.56 519.81 519.82 519.82 519.76 520.09 519.48 519.45 519.58 519.45 519.8 520.82 520.31 519.85 520.26 520.21 520.13 521.5 521.1 519.56 522.12 536.67 524.24 522.44 523.42 545.49 524.84 526.99 527.82 526.41 522.72 519.8 520.16 520.5 521.03 523.04 523.65
-9999 -9999 521.09 520.73 520.48 520.06 519.65 519.97 520.02 520.06 520.87 521.13 520.29 519.98 521.03 522.66 523.28 522.23 522.69 527.25 533.62 535.35 535.29 535.01 535.34 519.43 519.64 519.58 519.78 519.36 519.83 519.47 520.34 521.46 519.61 519.31 519.62 520.09 520.13 519.86 520.21 521.07 519.65 518.53 518.55 518.79 519.66 518.83 519.26 520.39 520.03 522.72 521.35 521.85 520.07 528.51 532.08 530.55 525.44 519.59 524.26 523.51 525.71 527.07 526.04 522.82 520.57 520.38 519.97 522.58 524.05 524.07
-9999 -9999 521.69 520.72 520.57 520.32 520.24 520.01 520.31 520.13 520.17 519.69 519.72 520.95 521.38 522.7 522.91 523.13 521.93 521.92 527.76 535.45 535.35 535.7 535.47 522.26 525.66 519.68 519.53 519.79 521.19 520.76 520.86 520.73 519.24 519.21 519.32 519.53 519.72 519.76 520.47 520.31 518.75 518.32 518.92 519.62 519.73 519.65 519.53 520.43 521.99 521.75 524.03 523.78 520.33 542.2 529.99 528.67 521.36 519.68 519.9 520.88 523.29 522.66 522.29 521.53 519.18 520.38 521.03 522.54 524.07 525.35
-9999 -9999 522.98 521.31 521.11 521.02 520.74 520.67 520.7 520.85 521.31 520.6 519.19 519.68 520.85 521.48 522.26 519.92 521.31 523.02 525.08 534.76 535.12 526.14 527.62 535.6 520.84 519.4 519.62 520.71 521.08 520.4 519.45 519.18 520.19 521.37 519.37 519.35 519.32 519.74 519.96 519.76 518.97 518.97 519.36 519.59 519.64 519.27 519.07 519.81 520.26 529.82 525.66 521.8 520.82 528.41 541.08 526.69 523.79 523.79 520.53 525.25 519.16 518.92 518.73 520.05 519.45 518.66 518.67 522.67 524.05 525.16
-9999 -9999 523.38 521.81 521.75 521.58 521.53 521.07 521.1 521.46 521.89 521.73 518.93 521.8 520.05 521.12 520.68 521.33 519.77 520.61 527.57 530.6 534.69 522.11 522.37 526.39 522.46 521.61 519.1 519.29 519.08 520.41 520.42 519.19 526.39 524 519.66 519.56 519.29 519.37 519.5 519.77 519.53 519.7 520.07 519.83 519.6 519.21 518.8 518.49 519.66 520.81 520.68 524.48 521.85 520.38 521.19 521.71 523.81 531.82 530.98 526.51 526.38 519.28 519.41 520.62 520.21 519.33 518.63 519.71 524.11 523.44
-9999 -9999 523.93 522.55 521.58 522.52 521.83 520.66 521.15 521.6 521.56 521 519.63 519.55 531.74 525.88 523.81 521.06 520.98 520.39 525.12 521.29 527.23 529.94 523.5 523.01 519.62 518.74 518.75 518.64 518.66 525.05 521.4 522.89 529.78 532.74 523.41 524.1 519.79 519.36 519.45 520.93 520.23 520.82 522.54 522.78 529.3 519.92 519.47 518.64 519.43 520.14 522.33 523.76 531.64 521.4 521.74 522.97 524.64 527.98 532.27 531.49 526.51 523.14 521.42 523.04 522.42 523.63 519.63 518.14 522.96 523.85
-9999 -9999 522.91 522.15 521.59 521.84 521.79 521.46 520.75 520.52 520.86 521.28 521.2 520.18 529.33 536.5 532.91 524.34 519.85 520.37 522.11 520.2 519.68 522.67 523.7 522.83 522.49 520.93 521.75 521.52 519.25 524.39 530.43 521.4 528.59 536.27 536.09 529.93 527.52 519.03 519.47 520.69 520.52 520.4 532.09 531.67 531.09 522.41 519.46 520.99 519.45 519.58 522.18 522.89 520.65 528.11 532.75 527.9 529.88 534.48 534.7 535.15 534.52 526.19 523.71 523.61 523.74 524.26 518.53 518.05 520.34 522.63
-9999 -9999 522.19 520.81 520.95 521.47 521.64 522.02 520.75 519.73 519.84 520.23 532.12 526.29 537.84 538.32 539.1 538.8 526.22 524.18 523.44 520.17 530.67 533.2 531.54 525.04 525.46 523.56 523.3 522.44 519.93 519.6 524.11 523.4 536.5 536.5 536.13 533.02 527.72 527.48 519.52 520.75 520.64 520.47 530.76 533.06 533.18 528.73 520.05 521.12 518.66 519.33 521.19 522.49 520.1 518.54 522.13 526.94 521.98 535.01 533.29 534.25 534.63 534.23 524.68 524.09 524.14 523.72 518.48 518.46 521.27 522.33
