tests/GridSurface/491_931.asc
ncols 136
nrows 1000
xllcorner 491864
yllcorner 931000
cellsize 1
nodata_value -9999
[rows 64 to 95 of 1000, columns 0 to 71 of 136]
511.14 511.19 511.35 511.2 511.16 511.13 511.23 511.18 511 511.18 511.03 512.35 533.57 536.33 536.42 541.07 535.15 527.1 527.83 540.46 547.41 547.86 549.62 550.7 550.22 549.55 549.06 548.1 541.69 537.09 545.55 542.87 544.17 542.31 531.65 515.09 512.92 512.14 512.17 512.14 513.47 512.61 531.31 538.18 540.56 539.69 533.01 530.96 528.77 526.42 524.62 523.09 513.5 513.4 513.64 513.58 513.55 513.68 513.82 513.89 513.93 514.09 514.47 514.5 514.55 515.36 515.18 515 515.22 515.38 515.88 515.91
511.23 511.45 511.33 511.1 511.18 511.25 511.15 511.27 511.18 511.1 511.29 512.68 516.77 524.2 543.42 542.25 543.49 544.4 522.5 545.02 546.08 546.36 550.38 550.21 550.12 548.7 547.64 546.14 544.7 532.89 546.01 537.97 544.45 543.08 543.26 531.51 528.58 512.17 512.22 512.13 512.21 514.12 517.86 517.14 526.3 524.95 515.87 514.06 513.06 513.4 513.34 513.68 513.65 513.58 513.81 514.01 513.75 513.8 513.94 514.19 514.05 514.55 514.7 514.51 515.19 516.23 515.54 515.4 515.17 516.46 516.04 515.99
511.18 511.32 511.39 511.22 511.15 511.41 511.28 511.3 511.3 511.27 511.11 529.19 527.75 519.95 544.65 534.61 543.08 539.7 530.66 529.59 515.95 534.86 543.72 549.26 549.37 549.22 548.19 547.82 545.05 534.11 545.58 545.13 544.61 541.5 541.52 542.46 524.19 524.38 512.26 512.17 512.22 512.47 512.31 512.35 512.64 512.9 512.73 513.21 513.09 513.31 513.52 513.71 513.57 513.89 514.17 513.96 513.83 513.53 513.73 513.98 514.25 514.87 514.6 514.5 514.98 516.18 516.18 515.73 515.65 515.75 516.11 516.23
511.34 510.94 511.13 511.2 511.19 511.54 511.33 511.26 511.27 511.2 530.94 530.46 542.88 542.45 534.77 536.38 538.13 534.93 536.19 543.06 545.67 546.88 546.97 549.17 549.23 549.26 546.74 546.3 545.33 544.52 544.88 544.41 538.26 534.05 538.25 540.71 533.11 527.57 512.29 512.25 512.3 512.28 512.13 512.49 512.62 512.54 512.86 513.03 513.18 513.55 513.81 513.71 513.63 514.06 514.09 513.96 514.21 513.83 513.76 514.03 514.2 514.68 514.54 514.59 514.74 515.17 515.35 515.16 515.71 515.79 516.24 516.12
511.2 511.22 511.09 511.13 511.21 511.5 511.27 511.24 511.35 511.32 511.3 524.03 543.25 542.71 543.57 544.13 534.3 541.91 544.01 543.42 529.02 548.68 549.82 548.71 546.48 538.96 536.27 543.25 539.61 540.65 534.38 538.65 539.93 539.94 542.25 537.22 528.13 520.38 512.33 512.18 512.45 512.62 512.31 512.41 512.65 512.81 513.01 512.86 512.9 513.17 513.9 513.51 513.66 514 514.08 513.96 513.95 513.68 513.8 514.18 513.98 514.36 514.58 514.72 514.83 515.01 515.11 515.26 515.43 515.78 515.96 516.1
511.34 511.22 511.33 511.64 511.51 511.46 511.17 511.15 511.31 511.34 511.29 524.51 543.87 543.57 542.88 540.91 543.16 543.37 543.66 545.13 545.18 546.91 549.41 546.46 545.08 542.78 541.61 541.52 544.61 543.27 543.9 543.61 537.97 543.65 542.75 533.11 529.8 525.58 525.97 512.2 512.46 512.83 512.48 512.34 512.56 512.88 512.9 514.54 514.98 515.79 514.65 513.48 513.64 513.96 513.77 513.67 513.68 513.78 513.76 513.99 514.15 514.35 514.69 514.92 515.14 515.37 515.38 515.48 515.57 515.59 515.85 516.05
511.19 511.24 511.29 511.55 511.57 511.24 511.24 511.27 511.26 511.33 511.2 511.31 516.97 536.94 524.01 532.47 543.75 543.77 539.29 528.72 523.39 543.91 541.26 545.66 545.3 542.65 544.16 542.91 542.16 544.1 545.37 542.49 543.05 538.94 535.31 529.5 525.91 524.73 525.98 512.37 512.77 512.25 512.35 512.3 512.94 512.64 512.96 512.77 514.29 515.13 515.1 514.1 513.69 513.85 513.55 513.75 513.7 513.73 513.89 513.96 514.13 514.53 514.75 514.7 515.01 515.45 515.83 515.44 515.51 515.76 515.95 516.22
511.03 511.21 511.37 511.23 511.46 511.33 511.21 511.23 511.49 511.28 511.2 513.82 533.64 516.77 540.52 520.65 543.93 529.82 512.99 511.39 524.8 542.99 536.98 544.7 544.86 544.89 544.29 542.43 544.51 543.79 543.7 543.94 544.28 540.52 531.67 527.34 516.65 521.96 512.11 512.4 512.79 512.72 512.21 512.65 512.61 512.71 513.03 513.26 513.68 513.89 514.67 513.95 513.35 513.63 513.57 513.46 513.63 513.89 513.95 514.01 514.21 514.4 514.52 514.73 515.08 515.42 515.54 515.49 515.49 515.77 516.01 516.08
510.99 511.08 511.12 511.18 511.46 511.25 511.08 511.24 511.92 519.34 526.1 530.38 523.01 537.63 527.17 528.19 511.6 526.33 514.29 511.51 538.56 542.05 543.42 543.36 544.43 544.28 543.39 543.78 543.93 543.8 543.93 544.46 543.32 534.78 527.64 529.49 524.03 519.27 512.13 512.25 512.71 513.18 512.46 512.53 512.73 513.15 513.27 526.62 512.95 513.12 513.25 514.34 513.66 513.87 513.9 513.95 514.14 514.29 514.27 514.14 514.11 514.31 514.62 514.78 514.99 515.21 515.44 515.53 515.48 516.06 516.08 515.98
510.97 511.04 510.96 511.03 511.13 511.59 511.25 511.33 519.01 523.05 526.2 515.05 531.88 536.84 532.16 517.26 511.63 511.65 511.36 512.69 512.91 528.46 543.44 541.09 536 538.42 538.89 517.2 543.32 543.99 544.83 542.02 538.37 526.37 519.29 521.14 521.28 521 512.44 512.15 512.61 513.27 512.77 512.79 512.59 513.17 513.2 532.96 512.9 513.43 513.58 513.6 513.72 513.7 513.89 514.12 514.35 514.22 514.18 514.41 514.19 514.81 514.91 515 515.03 515.31 515.42 515.44 515.68 516.08 515.9 515.79
510.92 511.04 511.02 511 511.15 511.54 511.83 511.37 524.71 524.04 528.96 531.67 532.36 532.67 533.99 512.24 511.43 511.5 511.67 517.08 539.68 540.31 540.84 534.82 526.56 532.71 535.97 536.32 544.72 543.27 542.8 541.79 536.25 530.39 518.47 518.82 521.06 521.25 523.56 521.88 513.51 515.38 513.09 512.63 512.84 513.07 512.95 535.01 537.88 523.01 513.62 513.6 513.71 513.46 513.94 514.21 514.49 514.59 514.17 514.33 514.61 515.39 515.06 515.2 515.08 515.48 515.38 515.89 515.64 516.05 515.78 515.9
510.96 510.92 511.04 511.23 511.34 511.26 511.53 511.58 513.46 518.55 528.69 532.86 532.93 524.05 526.07 513.01 511.49 511.34 511.52 512.3 533.47 538.74 539.9 534.24 520.23 536.15 535.45 538 544.65 538.38 537.06 536.94 533.18 528.58 527.19 522.44 521.12 521.38 528.25 518 512.98 513.33 512.79 513 513.24 513.23 512.95 514.77 537 536.37 513.48 513.26 524.99 513.55 513.8 514.19 514.55 514.69 514.09 514.18 514.43 515.35 514.79 514.92 515.14 515.38 515.21 515.45 515.85 515.85 515.84 515.89
511.25 510.98 511.35 511.47 511.27 511.37 511.42 511.36 511.12 525.37 535.78 522.58 531.47 514.07 530.43 522.68 529.52 512.45 511.55 512 531.91 540.15 540.17 535.09 535.59 536.16 536.06 534.66 537.68 526.48 519.81 534.11 525.39 520.94 520.59 520.72 530.87 527.91 532.99 534.08 529.62 528.91 512.93 512.45 513.21 513.24 516.88 532.71 537.02 531.63 533.53 530.28 513.75 513.74 513.78 514.12 514.35 514.09 514.14 514.23 514.56 514.6 514.78 515.31 515.54 515.35 515.37 515.34 515.66 515.77 515.91 515.85
512.15 511.11 511.14 511.24 511.3 511.35 511.42 511.28 511.32 511.25 536.38 539.21 539.48 532.5 530.77 528.62 528.16 519.98 511.59 511.6 522.77 540.11 538.08 535.99 536.29 536.63 535.62 535.51 528.21 521.72 511.74 519.45 517.84 518.48 518.77 513.14 522.28 530.74 531.16 535.01 533.25 531.44 518.65 512.96 513.18 523.18 534.53 516.61 530.38 538.52 539.72 527.9 525.95 513.7 513.48 513.82 514.04 513.97 514.22 514.34 514.3 514.75 514.93 515.01 515.01 515.13 515.18 515.29 515.61 515.7 515.71 515.81
511.88 511.39 511.16 511.21 511.53 511.33 511.42 511.38 511.17 522.38 527.12 540.1 536.07 538.35 537.81 535.53 529.27 514.74 511.84 511.31 511.6 525.34 533.61 535.85 536.08 536.7 536.27 535.51 520.89 511.26 511.51 512.48 512.49 513.23 511.91 518.3 522.32 527.7 528.75 531.02 533.15 532.41 527.36 521.86 523.49 523.44 537.65 536.4 537.8 530.68 541.08 539.21 517.47 513.37 513.56 513.83 515.01 514.06 514.28 514.65 514.74 514.87 514.73 515.18 515.32 515.26 515.12 515.26 515.42 515.55 515.83 515.69
511.61 511.2 511.15 511.22 511.24 511.39 511.5 511.31 511.21 533.01 519.11 540.02 541.03 533.26 534.21 529.77 531.97 527.71 511.34 511.23 511.61 521.08 525.11 535.03 536.15 536.55 535.83 535.32 517.28 518.72 511.25 512.06 511.89 511.85 511.65 518.59 522.63 531.16 530.46 530.91 528.82 529.7 530.07 515.32 518.98 515.36 523.18 527.44 538.3 533.8 541.51 538.98 520.33 514.81 513.54 514.78 517.86 513.89 513.94 514.37 520.42 514.52 514.62 514.6 514.91 515.47 515.28 515.14 515.33 515.65 515.69 515.72
511.84 511.3 511.15 511.15 511.21 511.34 511.41 511.4 511.22 511.19 534.78 518.46 534.42 532.21 536.9 533.5 529.24 514.3 512.02 511.31 511.52 513.59 528.08 534.53 536.04 536.43 535.33 535.11 534.02 526.61 511.07 511.33 511.72 511.84 511.85 513.4 513.87 524.81 537.57 532.45 525.91 522.81 516.03 524.54 524.27 532.02 533.14 535.31 526.17 524.18 537.53 532.72 520.02 516.03 515.49 514.91 515.49 517.83 514.06 514.13 520.84 514.33 514.44 514.99 515.05 515.02 515.32 515.18 515.2 515.45 515.62 516.14
512.35 511.27 511.16 511.02 511.17 511.13 511.29 511.38 511.47 511.47 513.71 534.85 538.27 538.17 534.54 531.2 515.71 511.79 511.81 511.42 511.44 512.78 516.91 534.95 530.84 533.45 533.68 527.55 513.55 515.46 511.13 511.19 511.77 512.03 512.06 512.32 522.64 528.76 534.55 532.51 519.48 526.35 526.69 519.97 524.88 531.64 531.12 535.24 530.75 522.48 522.22 513.38 513.48 516.87 514.97 519.11 514.9 515.42 515.98 516.67 517.32 514.21 514.29 514.77 514.95 515 515.11 515.21 515.35 515.41 515.64 515.97
511.56 511.63 511.32 511.04 511.11 511.42 511.44 511.6 511.25 511.29 511.09 523.64 537.66 533.65 538.75 532.46 511.07 511.65 511.65 511.39 511.32 511.43 512.31 512.9 518.63 530.08 532.44 516.31 518.04 524 511.07 511.06 511.95 512.06 512.03 516.16 514.14 525.84 530.56 529.72 517.34 522.99 522.63 521.88 524.77 530.01 536.23 537.72 535.17 522.8 514.46 513.46 513.49 513.38 514.05 519.28 517.51 515.89 516.12 518.42 520.57 516.47 517.62 514.89 514.96 514.87 515.3 515.31 515.28 515.44 515.61 515.68
511.58 511.63 511.76 511.58 511.14 511.28 511.53 511.32 511.36 511.42 511.22 511.19 525.46 527.28 537.05 536.74 511.55 511.34 511.23 511.17 511.15 511.16 511.72 512.08 512.26 518.31 511.11 528.79 513.72 514.17 511.19 511.26 511.54 512.15 512.6 512.62 512.59 514.11 528.34 525.2 518.11 512.49 518.93 527.67 528.07 529.21 529.57 531.43 531.11 522.99 514.27 519.38 513.54 513.53 513.8 513.87 517.46 514.19 520.49 517.61 520.4 518.07 516.68 515.61 515.61 515.33 514.97 515.23 515.39 515.68 515.82 515.72
511.69 512.07 511.81 511.38 511.21 511.17 511.31 511.28 511.2 511.43 511.42 511.38 513.58 516.11 520.74 534.8 511.22 511.26 511.33 511.3 511.27 511.13 512.11 512.05 511.61 511.29 511.54 517.3 511.09 512 511.39 511.32 511.37 512.33 512.87 512.99 512.84 519.37 519.15 524.61 518.65 520.53 516.38 521.96 527.26 527.36 529.28 526.28 525.95 525.53 527.06 523.24 516.84 513.45 513.78 513.9 519.35 516.73 521.34 520.46 518.74 514.41 514.56 514.75 515.05 515.84 515.27 515.29 515.33 515.27 515.32 515.55
512.04 512.12 511.77 511.43 511.11 510.99 511.13 511.28 511.24 511.17 511.38 511.5 511.64 511.62 511.34 511.12 512.31 513.37 514.54 512.59 511.26 511.49 512.19 511.83 511.46 511.37 511.44 511.45 511.5 511.24 511.12 510.99 511.71 512.33 512.78 513.11 513.1 513.25 515.04 518.49 521.41 521.49 526.46 525.72 526.62 528.93 527.1 529.37 525.92 529.74 526.88 528.66 522.64 513.49 513.85 513.8 513.84 519.49 519.14 515.39 517.9 514.37 514.4 514.61 514.97 515.37 515.25 515.13 515.41 515.91 515.58 515.49
511.81 512.01 511.93 511.75 511.31 511.03 520.4 511.15 511.21 511.02 511.38 511.38 511.3 511.53 511.54 512.67 512.77 513.08 513.03 513.24 510.99 511.39 511.63 511.76 511.63 511.44 511.34 511.29 511.59 511.33 511.19 511.58 511.69 512.08 512.94 513.25 513.18 513.79 515.16 517.02 517.52 517.88 524.52 524.3 525.67 528.67 528.6 530.05 526.7 530.4 529.38 528.55 517.84 513.41 513.53 513.65 515.34 513.96 513.98 514.52 514.7 514.63 514.34 514.98 515.22 515.29 515.2 515.33 515.26 515.46 515.61 515.94
511.96 512.09 511.81 511.82 511.94 512.51 527.99 524.08 517.43 511.4 511.26 511.28 511.4 511.56 511.5 512.11 512.05 514.95 513.43 513.52 513.17 511.19 511.46 511.22 511.33 511.34 511.31 511.45 511.25 511.48 511.6 511.54 511.6 512.25 512.66 512.83 512.97 516.31 513.54 516.69 514.87 517.47 522.86 524.83 527.02 531.81 532.44 529.84 531.27 530.27 529.8 525.33 526.32 513.28 513.29 513.47 521.06 518.71 514.26 514.62 514.45 514.33 514.37 514.91 514.79 515.05 515.2 515.4 515.36 515.39 515.59 515.89
511.8 511.94 511.52 511.32 513.95 519.67 531.88 532.94 529.6 530.17 511.2 511.25 511.13 511.3 512.7 515.02 514.92 515.3 515.28 514.99 512.87 513.62 511.51 511.17 511.65 514.17 512.81 511.57 511.17 511.3 511.52 511.69 511.81 511.94 512.48 513.1 515.98 520.18 515.71 514.7 516.61 519.27 522.74 518.39 530.17 532.49 533.02 532.43 531.47 529.34 529.06 528.34 521.78 513.22 513.33 513.77 513.85 514.12 514.09 514.39 514.36 514.51 514.62 514.46 514.99 514.98 515.21 515.64 515.32 515.88 516.62 516.28
512.22 511.67 511.49 520.1 530.73 532.17 533.75 533.11 532.37 521.37 528.95 511.18 511.07 511.39 513.71 514.68 514.71 515.97 515.52 515.92 513.86 512.64 511.92 511.23 512.01 513.71 514.52 512.63 511.08 511.19 511.57 511.36 511.95 512.51 516.95 521.02 522.26 521.81 516.04 515.37 519.66 520.82 521.31 519.25 526.84 532.3 532.66 532.1 524.76 523.31 519.52 515.85 513.14 513.35 513.6 513.85 513.77 513.65 513.67 513.8 514.19 514.22 514.28 514.52 514.95 514.77 515.11 515.78 515.66 516.08 516.43 516.11
512.72 511.75 511.77 511.87 525.19 533.4 534.29 534.76 534.89 533.57 532.45 524.91 511.16 511.16 511.86 511.8 513.25 512.23 515.45 512.59 511.43 511.31 511.45 511.22 511.61 513.72 513.96 513.12 511.27 511.2 511.21 511.48 512.17 517.5 521.2 521.56 525.17 524.59 523.5 520.87 523.84 524.47 525.43 526.75 526.46 526.79 526.36 528.78 518.77 519.64 529 513.05 513.44 513.5 513.52 517.66 516.96 515.24 513.82 516.2 516.24 514.15 514.78 514.69 514.85 515.39 515.98 516.49 515.95 516.31 516.51 516.52
512.6 512.81 512.81 512.64 529.81 532.08 532.82 533.48 534.21 533.15 529.48 520.49 513.32 511.11 511.28 511.39 512.2 514.32 514.26 511.85 511.86 511.52 511.37 511.27 511.52 512.38 513.25 511.59 511.21 511.24 511.2 514.54 513.74 522.83 523.98 524.59 524.36 520.64 524.98 525.95 526.27 525.92 522.7 525.66 526.07 526.94 526.68 521.78 518.34 519.28 521.28 513.53 513.82 513.29 517.54 515.74 516.56 520.13 517.38 519.42 517.47 516.99 514.94 514.94 515.24 515.63 516.09 516.41 516.61 516.52 516.77 516.89
513.41 513.76 514.3 528.06 529.9 531.25 534.06 534 533.98 533.35 516.17 511.34 511.43 511.4 511.32 511.19 511.5 512.3 511.37 511.17 512.37 511.77 513.27 511.22 511.48 511.24 511.69 511.09 510.86 511 511.01 511.31 515.97 522.99 524.09 524.4 524.47 525.35 525.98 527.1 527.03 526.73 527.79 525.58 524.92 525.89 529.02 526.57 531.84 532.34 528.35 513.44 513.33 519.72 515.08 515.73 516.46 518.22 520.29 520.73 515.02 516.08 516.21 515.21 515.22 515.64 515.77 516.15 516.46 516.88 516.8 516.81
512.34 514.3 516.1 514.92 522.2 531.11 533.06 530.67 531.96 526.5 526.44 512.55 511.16 511.22 511.32 511.41 511.29 511.03 511.06 515.64 516.67 516.26 513.45 511.15 511.32 511.46 511.35 511.12 511.05 511.15 511.01 511.33 515.51 522.55 523.2 522.69 520.92 524.36 524.77 526.13 526.21 524.45 524.41 528 528.18 528.68 529.54 532.62 532.42 531.25 524.66 513.77 535.91 526.94 515.84 523.48 516.93 520.01 521.14 521.04 520.32 518.05 517.06 515.25 516.08 515.84 516.02 516.22 516.49 516.94 517.03 516.96
515.43 516.89 516.56 515.36 514.89 525.49 521.88 529.31 526.82 513.27 511.61 511.01 511.03 511.17 511.44 511.47 511.43 511.25 511.22 512.44 519.3 516.15 513.74 511.2 511.37 511.32 511.3 511.24 511.15 511.14 511.07 511.18 516.96 516.91 516.1 523.19 522.52 520.17 519.94 523.32 525.14 526.98 529.22 529.33 529.51 529.65 530.82 532.53 532.19 530.2 512.75 514.82 513.02 533.73 518.35 524.92 516.54 520.39 520.88 519.95 519.29 517.26 514.57 514.79 515.39 515.77 516 515.9 516.58 516.62 516.58 516.64
514.75 516.48 515.67 515.03 514.89 514.79 514.79 514.18 513.75 511.42 511.63 511.31 511.47 511.39 511.46 511.44 511.49 511.32 511.18 513.42 518.21 516.19 511.71 511.94 511.43 511.22 511.2 511.24 511.17 511.03 510.85 510.92 511.09 511.31 512.66 521.5 523.02 522.28 521.55 523.5 525.34 526.26 527.49 528.74 529.79 529.43 530.54 531.65 533.48 536.13 531.66 522.66 512.9 521.52 534.94 530.13 526.01 520.54 520.6 519.91 518.49 518.19 516.8 515.53 515.49 515.89 516.38 516.35 516.54 516.24 516.43 516.68
