tests/GridSurface/491_930.asc
ncols 130
nrows 1000
xllcorner 491870
yllcorner 930000
cellsize 1
nodata_value -9999
[rows 416 to 447 of 1000, columns 0 to 71 of 130]
-9999 -9999 527.93 528.22 528 528.14 528.38 528.63 528.3 528.62 528.46 528.41 529.09 528.37 532.01 537.84 528.41 528.27 528.48 528.58 528.56 528.81 528.72 528.89 528.57 529.05 528.92 529.33 528.99 529.03 529.31 529.31 529.22 528.97 529.28 539.9 544.01 543.93 539.22 532.49 528.87 528.98 529.66 529.68 529.34 529.5 530.53 531.58 531.09 530.21 529.87 529.5 529.36 529.42 529.33 528.87 528.31 528.5 528.37 528.05 527.92 527.87 528.06 528.17 527.64 527.53 527.41 527.24 526.98 526.82 527.01 527.2
-9999 -9999 527.89 527.78 527.94 528.08 528.24 528.48 528.87 529.18 529.13 529.05 528.8 536.61 537.22 541.12 540.59 538.51 528.27 528.32 528.34 528.68 528.64 528.29 528.28 529.14 528.88 529.03 529.03 528.89 529.05 529.03 528.97 529.1 529.15 533.49 539.72 532.44 529.27 528.96 528.64 529.09 529.44 529.63 529.36 529.16 530.01 531.06 530.54 529.49 529.45 529.54 529.59 529.86 529.31 528.62 528.12 528.48 528.51 528.28 527.97 527.73 527.63 527.59 527.39 527.02 526.84 526.95 526.83 526.6 526.59 526.89
-9999 -9999 527.64 527.62 528.1 528.04 528.3 528.4 528.88 529.25 529.35 529.17 530.5 544.89 545.33 545.04 542.4 537.04 528.09 528.2 528.52 528.16 528.24 528.35 528.41 529.08 528.95 528.92 528.98 528.83 528.8 528.66 529.03 529.24 528.9 528.92 531.86 530.77 528.78 528.54 528.77 529.39 529.66 529.55 529.32 528.78 529.16 528.91 528.64 529.32 529.34 529.21 529.15 529.24 528.91 528.28 528.16 528.36 528.46 527.91 527.6 527.34 527.23 527.24 527.1 526.92 526.75 526.82 526.76 526.64 526.5 526.47
-9999 -9999 527.88 528.42 528.1 528.04 528.41 528.5 528.82 529.24 529.26 529.22 535.01 545.11 544.86 545.18 539.83 542.08 528.01 528.17 528.29 528.02 528.26 528.77 528.77 529.02 529.03 529.17 529.39 529.3 529.09 528.95 528.93 529.1 528.73 528.77 528.89 529.05 528.63 529.1 529.65 529.78 529.55 529.39 529.32 529 529.12 529.18 528.83 528.62 529.14 528.56 528.47 528.52 528.59 528.44 528.65 528.48 528.04 527.94 527.58 527.27 527.1 527.08 526.84 526.82 527 526.83 526.59 526.61 526.57 526.17
-9999 -9999 528.5 528.26 528 528.25 528.2 528.77 528.63 529.19 529.02 529.31 534.44 545.14 545.44 544.85 544.43 533.01 527.99 527.97 528.02 528.43 528.35 528.92 529.14 529.07 529.03 529.28 529.4 529.28 529.12 528.9 528.68 528.63 528.91 528.87 528.83 528.95 529.13 529.01 529.39 529.43 529.36 529.17 528.91 528.76 528.68 528.85 528.36 528.45 528.54 528.5 528.43 528.39 528.62 528.55 527.92 528.53 528.14 527.87 527.57 527.22 527.26 527.33 527.02 526.81 526.57 526.31 526.23 526.3 526.24 526.24
-9999 -9999 528.33 527.92 527.74 527.38 527.48 528.01 528.51 528.72 529.13 529.12 534.98 533.65 541.95 543.72 543.75 528.06 528.01 528.02 528.17 528.32 528.41 528.48 528.77 529.05 529.16 529.37 529.29 529.29 529.11 528.57 528.82 528.71 528.7 528.64 528.59 528.72 528.84 528.69 528.89 528.78 528.73 528.9 529.26 528.75 528.41 528.61 528.41 528.5 528.74 528.47 528.5 528.47 528 527.81 527.86 527.55 527.52 527.51 527.62 527.63 527.2 527.38 527.07 527.1 526.69 526.56 526.46 526.15 525.87 526.15
-9999 -9999 527.8 527.72 527.52 527.53 527.7 527.8 527.92 528.11 528.58 528.74 528.68 528.21 530.3 532.73 528.48 528.14 527.95 527.96 528.16 528.28 528.35 528.47 528.43 529.14 529.39 529.31 529.25 529.03 529.2 529.11 528.33 528.69 528.77 528.72 528.84 528.59 528.48 528.34 528.33 528.55 528.91 529.24 528.58 528.18 528.31 528.47 528.49 528.68 528.32 528.16 528.21 528.24 527.55 527.6 527.49 527.4 527.31 527.02 527.25 527.3 526.74 527.06 526.84 526.81 526.78 526.48 526.27 525.98 525.88 526.15
-9999 -9999 527.52 527.67 527.4 527.47 527.64 527.52 527.62 527.75 527.89 528.28 527.93 528.07 528 528.41 528.32 528.12 527.85 527.89 528.19 528.26 528.21 528.6 529.69 529.45 529.49 529.41 529.16 529.31 529.14 528.79 528.37 528.58 528.5 528.67 528.52 528.2 528.35 528.17 528.19 528.74 528.18 528.13 528.34 528.04 528.24 528.59 528.68 528.51 527.98 528.14 527.71 527.74 527.53 527.78 527.75 527.54 527.64 527.58 527.03 526.92 526.87 526.73 526.56 526.53 526.46 526.32 526.08 525.68 525.72 525.91
-9999 -9999 527.58 528.17 527.53 527.75 527.76 527.62 527.45 527.58 527.37 527.46 527.41 527.93 527.82 527.77 527.79 527.79 527.83 527.9 527.9 528.05 528.2 528.5 529.06 529.03 529.38 529.33 529.33 529.03 529.24 528.52 528.08 528.09 528.35 528.53 528.41 528.23 528.39 528.13 528.22 528.28 528.07 528.21 528.48 528.31 528.06 528.45 528.31 527.95 528.09 528.33 527.61 527.8 527.65 527.81 527.49 527.21 527.19 527.16 527.14 526.9 526.73 526.6 526.31 526.29 526.26 526.26 526.55 525.99 525.58 525.74
-9999 -9999 527.3 527.4 527.56 527.93 527.48 527.61 527.49 527.32 527.43 527.64 527.74 527.59 527.7 527.91 527.97 527.74 527.57 527.71 527.74 527.78 527.81 528.02 528.08 528.04 528.87 528.34 528.18 528.21 528.56 528.36 528.28 528.14 528.62 528.61 528.24 528.06 528.14 528.2 528.71 528.25 528.02 528.33 528.5 528.2 528.32 528.43 528.34 528.17 527.65 527.5 527.66 527.66 527.48 527.78 527.52 527.22 527.42 527.57 526.98 526.69 526.61 526.62 526.43 526.17 525.91 525.88 526.48 525.9 525.46 525.57
-9999 -9999 527.24 527.56 527.96 528.01 527.71 527.41 527.43 527.35 527.35 527.67 528.09 528 527.62 527.78 527.92 527.98 527.98 527.81 527.74 527.59 527.65 527.76 527.72 527.92 528.07 528.22 527.97 527.97 528.62 529.1 528.71 528.31 528.45 528.55 528.6 528.38 527.96 528.64 528.71 528.15 528.04 528.75 528.88 528.64 528.79 528.61 528.44 528.11 527.67 527.24 527.31 527.37 527.35 527.35 527.4 527.25 527.63 527.49 527.19 526.56 526.52 526.6 526.41 525.93 525.79 525.6 525.62 525.61 525.65 525.59
-9999 -9999 527.25 527.57 527.86 528.13 527.72 527.43 527.36 527.12 527.22 527.78 527.34 527.83 527.5 527.74 527.8 527.51 527.66 527.79 527.51 527.51 527.75 527.67 527.82 527.93 528.08 528.05 527.95 527.71 528.3 528.18 528.65 528.4 528.47 528.37 528.98 528.55 527.93 528.16 527.94 527.66 527.9 528.48 529.18 529.37 529.17 528.7 528.35 527.9 527.65 527.18 527.2 526.89 526.8 526.91 527.5 527.51 527.83 527.68 527.07 526.79 526.92 526.78 526.53 526.17 526.02 525.7 525.5 525.66 525.64 525.59
-9999 -9999 526.98 527.12 527.85 527.56 527.6 527.45 527.42 527.13 527.7 527.84 527.33 527.6 527.68 527.65 527.37 527.19 527.4 527.46 527.44 527.41 527.48 527.77 528.02 528.28 527.76 527.82 527.95 527.75 527.79 528.02 528.04 528.31 528.29 528.83 528.92 528.84 528.06 527.73 527.72 528.17 528.19 528.68 528.9 529.74 529.49 529 528.47 527.91 527.5 527.27 527.07 526.85 526.77 527.13 527.3 527.45 527.04 527.29 527.42 526.95 526.71 526.73 526.75 526.95 526.06 525.43 525.49 525.9 525.63 525.52
-9999 -9999 527.19 527.06 528.04 527.95 527.5 527.14 527.35 527.21 527.64 527.58 527.45 527.4 527.57 527.67 527.44 527.28 527.45 527.49 527.44 527.41 527.41 527.62 528.06 528.37 527.92 527.93 527.97 527.71 527.79 527.8 527.87 528.06 528.14 529.29 530.11 529.28 528.19 527.79 527.56 527.81 527.9 528.91 529.46 531.66 534.72 536.64 536.73 536.92 527.65 527.63 527.21 526.83 526.54 526.63 526.83 526.79 526.55 526.5 527.01 526.57 526.4 525.79 526.6 526.51 526.15 525.45 525.87 525.91 525.73 525.23
-9999 -9999 526.82 526.94 527.22 527.94 527.47 527.03 527.19 527.55 527.65 527.23 527.66 527.69 527.42 527.51 527.32 527.29 527.35 527.48 527.49 527.4 527.5 527.6 527.64 528.07 527.81 527.71 527.79 527.82 527.8 527.77 527.88 527.95 527.94 528.33 529.16 528.8 528.4 528.11 527.59 527.7 527.5 528.42 529.13 534.94 535.03 536.55 536.37 533.36 527.51 527.47 527.26 526.95 526.67 526.53 526.55 526.98 526.38 526.03 526 525.91 525.81 525.68 526.62 526.02 525.95 525.58 525.8 525.83 525.62 525.26
-9999 -9999 526.91 526.99 527.11 527.4 527.48 526.87 527.12 527.48 527.37 527.34 527.69 527.71 527.18 527.5 527.29 527.35 527.38 527.65 527.47 527.42 527.63 527.58 527.51 527.68 527.66 527.5 527.78 527.77 527.78 527.77 527.93 527.9 527.87 527.87 528.19 527.93 527.72 527.66 527.47 527.92 527.46 528.18 528.97 528.86 543.02 539.05 541.97 542.94 534 527.25 527.15 527.13 526.96 526.68 526.57 526.63 526.14 526.14 525.97 525.75 525.39 525.49 525.38 525.38 525.84 525.79 525.56 525.45 525.31 525.04
-9999 -9999 527.14 527.06 527.07 527.09 527.27 526.94 527.1 527.26 527.44 527.85 527.64 527.14 527.39 527.51 527.13 527.14 527.31 527.27 527.15 527.5 527.62 527.6 527.58 527.63 527.74 527.49 527.54 527.89 527.9 527.78 527.72 527.92 527.95 527.82 527.85 527.67 527.69 527.36 529.27 530.19 529.41 528.01 530.58 537.78 543.95 543.77 543.82 543.29 534.29 526.78 526.64 527.02 526.98 526.83 526.61 526.83 525.96 526.39 525.96 525.58 525.29 525.56 525.32 525.62 525.95 526.11 525.61 525.44 524.98 525.72
-9999 -9999 527.52 527.68 527.38 527.18 527.23 526.97 527.01 527.17 527.45 527.26 527.01 527.31 527.43 527.43 527.14 527.26 527.38 527.34 527.31 527.38 527.52 527.42 527.43 527.43 527.71 527.39 527.46 527.81 527.62 527.9 527.89 528.03 528.21 528.09 527.94 527.72 527.62 527.73 528.44 538.65 528.44 528.53 534.76 538.51 540.8 539.73 543.27 535.48 532.59 526.73 526.43 526.49 526.66 526.78 526.58 526.21 526.21 526.02 525.71 525.49 525.47 525.55 525.65 525.75 525.71 525.61 525.47 525.03 524.87 524.93
-9999 -9999 527.12 527.26 527.41 527.27 526.93 526.96 527.08 527.27 527.18 527.17 527.04 527.18 527.35 527.45 527.13 527.13 527.49 527.37 527.3 527.37 527.44 527.35 527.28 527.33 527.37 527.39 527.45 527.49 527.78 527.96 528.02 528.04 528.27 528.41 527.94 527.77 531.96 529.26 539.23 540.09 539.71 532.53 527.54 527.15 539.76 536.43 542.48 537.19 526.51 526.43 526.4 526.43 526.72 526.29 526.19 526.13 526.32 525.95 525.58 525.44 525.6 525.57 525.49 525.41 525.58 525.24 524.77 524.59 524.92 524.93
-9999 -9999 527.02 527.1 527.25 526.98 527.07 527.09 527.14 527 526.98 527.2 527.22 527.13 527.21 527.35 527.19 527.24 527.52 527.52 527.37 527.18 527.3 527.41 527.35 527.26 527.34 527.33 527.36 527.35 527.49 527.56 527.76 527.9 528.05 527.97 527.86 527.67 527.56 535.46 539.35 540.36 539.96 536.44 533.15 530.86 526.7 526.88 526.82 526.59 526.5 526.69 526.52 526.47 526.57 526.5 526.18 526 526.08 526.02 525.74 525.22 525.52 525.48 525.21 525.27 525.63 525.39 524.96 524.91 525.13 524.95
-9999 -9999 526.92 527.16 527.06 527.21 527.49 527.02 527.24 527.16 527.08 527.07 527.16 527.22 527.32 527.37 527.09 526.99 527.29 527.51 527.28 527.05 527.2 527.22 527.18 527.17 527.2 527.08 527.12 527.28 527.25 527.57 527.71 527.62 527.82 527.82 527.73 527.5 527.38 527.73 539.02 540.18 540.23 540.13 538.59 531.41 526.7 526.5 526.62 526.75 526.83 526.93 526.84 526.84 526.8 526.84 526.27 526.12 526.3 526.03 525.94 525.33 525.36 525.32 525.21 525.33 525.51 524.49 524.88 525.4 525.26 525.69
-9999 -9999 526.82 526.85 526.88 527.24 527.44 527.37 527.26 527.81 527.2 527.3 526.99 526.94 526.9 526.93 527.02 527.11 527.18 527.14 527.07 527.03 527.08 527.07 527.05 527.1 527.18 527.1 527.08 527.08 527.01 527.24 527.56 527.56 527.86 527.62 527.46 527.32 531.55 527.39 536.69 537.32 539.73 539.97 533.76 526.72 526.8 526.58 526.57 526.95 526.88 526.71 527.2 526.86 526.72 526.57 526.26 526.31 526.41 526.17 525.84 525.68 525.44 525.32 525.41 525.23 524.82 524.29 524.2 524.9 525.33 525.63
-9999 -9999 526.59 526.62 526.75 527.08 527.25 527.37 527.55 527.84 527.27 528.01 527.79 527.36 527.22 527.21 527.16 527.04 527.03 527.11 527.06 527.06 527.15 527.23 527.26 527.21 527.07 527.09 527.13 527.07 526.99 527.1 527.4 527.3 527.22 527.2 527.02 526.92 526.85 536.16 532.06 531.03 537.61 526.48 526.34 526.44 526.56 526.5 526.5 526.59 526.42 526.15 526.69 526.53 526.24 526.13 526.19 525.81 525.5 525.35 525.38 525.8 525.43 525.2 525.27 524.87 524.32 524.32 524.29 524.68 525.32 525.12
-9999 -9999 526.7 526.87 526.76 526.98 527.4 527.78 527.74 527.66 527.29 527.29 528.08 528.22 527.42 527.11 526.79 526.97 527.19 527.09 527.28 527.68 527.36 527.16 527.2 526.96 527.04 527.09 527.01 526.96 526.96 526.87 527.1 527 526.79 526.8 526.82 526.66 526.62 526.48 526.53 538.04 532.76 526.54 526.41 526.48 526.28 526.49 526.49 526.29 526.26 526.39 526.69 526.34 526.41 525.9 525.97 525.95 526.08 525.56 525.3 525.47 524.99 524.98 525.09 524.92 524.66 524.17 524.26 524.36 524.42 524.85
-9999 -9999 526.57 526.49 526.62 526.84 526.79 526.8 527.1 527.85 527.86 527.58 527.51 528.46 528.29 527.83 526.82 526.87 527.3 527.4 527.14 527.67 527.28 527.06 527.07 527.07 526.94 527.03 527.04 526.98 526.86 526.76 526.76 526.79 526.83 526.82 526.65 526.66 526.52 526.54 526.44 526.42 526.49 526.51 526.39 526.38 526.44 526.4 526.48 526.51 526.41 526.48 526.68 526.3 525.78 525.55 525.83 525.86 525.6 525.46 525.06 524.83 524.79 524.81 525.04 525.07 524.9 524.52 524.31 525.05 525.11 524.83
-9999 -9999 526.36 526.31 526.42 526.69 526.57 526.62 526.87 526.93 526.64 527.47 527.06 527.82 527.88 527.35 526.75 527.09 527.08 527.22 527.54 528.15 527.33 527.1 526.92 527.23 527.27 527.18 527 526.86 526.79 526.83 526.69 526.56 526.6 526.55 526.44 526.58 526.52 526.97 526.35 526.39 526.69 526.86 526.65 526.51 526.5 526.36 526.45 526.18 526.08 526.33 526.74 526.51 525.94 525.23 525.78 525.84 525.73 525.36 524.81 525.11 524.93 524.95 524.81 525.17 524.87 525 524.73 524.71 524.78 524.5
-9999 -9999 526.08 526.15 526.3 526.57 526.53 526.41 526.58 526.66 526.47 526.96 527.06 526.7 526.98 526.81 527.02 527.54 527.54 527.36 527.13 526.85 527.56 526.88 526.85 527.05 526.99 526.95 526.96 526.85 526.72 526.64 526.51 526.56 526.55 526.53 526.33 526.47 526.57 526.49 526.38 526.4 526.31 526.35 526.29 526.55 526.58 526.43 526.35 526.07 526.08 525.97 526.36 526.37 526.42 525.3 525.43 525.33 525.37 525.42 524.69 524.82 524.95 525 525 524.38 524.63 524.59 524.67 524.42 524.12 524.27
-9999 -9999 526.27 526.1 526.25 526.38 526.36 526.76 526.75 526.63 526.25 526.78 527.04 527.09 526.78 527.13 527.52 527.53 527.71 527.66 527.17 526.86 526.84 526.84 526.9 526.88 526.85 526.8 526.8 526.79 526.62 526.52 526.47 526.57 526.55 526.41 526.34 526.3 526.31 526.22 526.2 526.21 526.36 526.26 526.37 526.45 526.43 526.15 526.36 526.03 526.12 525.97 525.66 526.07 525.69 525.06 524.99 524.93 524.95 524.95 525.01 525.03 524.85 524.8 525.04 524.27 524.4 524.44 524.44 524.34 524.37 524.48
-9999 -9999 526.04 526.08 526.21 526.25 526.24 526.44 526.46 526.42 526.49 526.54 526.54 526.62 527.19 528.18 528.13 528.31 527.86 527.22 526.84 526.88 526.87 526.73 526.85 526.85 526.79 526.7 526.6 526.56 526.45 526.4 526.42 526.26 526.33 526.37 526.28 526.19 526.14 526.05 526.05 525.94 526.18 526.18 526.22 526.31 526.16 526.01 525.88 526.1 525.76 526.13 525.9 525.84 524.98 524.71 525.01 524.72 524.64 524.85 525.13 524.46 524.51 524.18 524.48 524.7 524.63 524.35 524.32 524.41 524.5 524.81
-9999 -9999 526.12 526.18 526.18 526.39 526.4 526.36 526.26 526.42 526.64 526.68 526.45 526.49 527.04 527.82 528.19 528.49 527.37 528.28 529.86 528.07 527.57 526.75 526.71 526.69 526.67 526.81 526.55 526.42 526.46 526.39 526.31 526.22 526.18 526.15 526.4 526.36 525.99 525.97 525.93 525.94 526.1 526.24 526.01 526.34 526.32 526.02 525.59 525.84 525.27 525.5 525.7 525.89 525.87 525.2 524.84 524.6 524.49 524.44 524.42 524.2 523.78 523.82 523.92 524.09 524.19 524.28 524.37 524.24 524.74 524.98
-9999 -9999 526.21 526.27 526.22 526.37 526.38 526.37 526.19 526.14 526.59 526.48 526.28 526.22 527.02 527.6 528.57 527.67 526.9 531.24 528.17 531.28 527.38 527.21 526.64 526.58 526.61 526.69 526.7 526.54 526.41 526.38 526.18 526.12 526.02 526.08 526.23 526.34 526.18 525.93 525.79 526.13 525.8 526.01 525.86 526.05 526.02 525.93 525.73 525.73 525.42 525.09 524.97 524.9 524.92 524.84 524.51 524.43 524.38 524.07 523.73 523.73 523.6 523.59 523.99 524.05 524.24 524.56 524.21 523.98 524.3 524.7
-9999 -9999 526.05 526.09 526.06 526.28 525.98 526.16 526.16 526.08 526.35 526.32 526.38 526.54 526.46 526.77 527.77 528.03 528.25 532.41 533.48 534.04 533.07 528.53 526.49 526.4 526.44 526.44 526.53 526.45 526.46 526.48 526.13 526 528.28 528.65 533.32 526.22 526.3 526.05 526.03 526.45 526.05 525.7 525.51 525.81 525.73 525.52 525.32 525.22 525.25 524.98 525.29 524.8 524.96 524.39 524.61 524.4 524.25 523.75 523.82 523.78 523.68 523.78 524.26 524.07 524.24 524.47 524.01 523.83 523.92 524.4
