tests/GridSurface/491_931.asc
ncols 136
nrows 1000
xllcorner 491864
yllcorner 931000
cellsize 1
nodata_value -9999
[rows 256 to 287 of 1000, columns 0 to 71 of 136]
-9999 536.34 533.52 532.35 532.71 531.55 535.18 527.64 536.13 535.83 528.31 534.53 534.29 534.31 531.52 528.81 529.2 529.01 523.82 523.8 526.53 524.79 525.1 525.76 526.57 525.89 526.73 526 525.14 521.69 518.09 518.15 522.48 522.52 522.76 521.42 518.82 518.27 517.73 516.57 516.71 515.95 515.04 516.4 516.84 517.11 518.14 518.93 519.33 519.24 518.39 517.69 517.14 516.83 515.62 516.28 516.09 514.02 513.97 512.6 510.42 516.06 516.39 514.92 515.82 513.72 510.9 514.77 514.67 517.33 510.84 518.74
-9999 535.53 533.09 531.65 533.16 530.06 533.99 526.23 527.63 525.7 532.74 533.67 527.64 534.34 534.18 531.95 527.77 525.72 529.41 527.09 526.27 524.95 524.67 525.12 526.41 529.05 528.54 526.97 527.28 525.64 521.8 520.41 522.42 522.17 522.89 520.62 518.48 518.26 517.93 517.3 515.48 515.06 515.12 516.76 517.14 516.91 516.68 518.23 518.85 518.84 518.72 518.53 519.16 518.58 517.43 515.2 514.89 515.06 514.95 514.71 513.89 513.2 516.85 513.86 513.22 515.69 517.13 512.75 516.84 510.03 512.1 515.19
-9999 529.53 533.22 532.16 534.95 534.13 535.73 534.84 531.62 532.91 531.46 533.94 534.03 534.21 533.8 529.25 524.86 522.24 523.75 525.5 526.55 525.7 524.07 524.08 526.95 526.86 527.97 528.43 527.94 527.33 522.29 520.88 521.48 520.86 520.16 518.18 518.51 518.27 517.44 517.41 515.68 514.75 515.65 517.47 517.13 517.46 516.56 515.05 516.32 518.58 519.09 519.33 519.49 519.04 517.9 516.13 513.79 514.01 514.35 515.2 517.22 515.91 511.48 510.57 514.14 513.43 513.13 515.91 511.5 509.91 510.22 513.95
-9999 532.23 531.93 533.21 533.08 529.56 534.44 535.88 533.93 533.32 531.24 526.75 526.33 534.71 534.83 533.17 532.09 521.08 523.24 525.61 525.99 525.42 522.39 524.69 527.89 527.01 527.32 528.27 527.76 524.28 522.16 521.98 521.87 521.53 520.05 516.67 517.03 517.58 515.76 514.52 514.41 514.29 516.14 517.21 518.13 517.91 517.82 515.08 513.29 517.39 518.45 518.81 518.87 518.79 517.67 515.22 512.89 513.25 513.33 513.22 514.86 510.37 510.96 510.4 512.56 515.85 517.21 517.05 514.21 509.87 510.37 511.22
-9999 529.17 532.4 533.36 533.72 529.28 525.42 531.1 533.19 533.38 533.02 520.78 528.59 534.47 532.62 529.16 523.21 520.08 521 520.66 520.86 523.77 523.47 526.17 525.95 525.5 526.29 527.95 526.43 521.31 518.87 520.59 521.12 521.1 521.17 516.19 515.8 515.62 515.34 515.13 514.66 514.18 516.15 517.3 516.24 515.77 518.41 517.03 516.31 516.78 517.35 517.17 517.55 517.83 515.63 511.75 512.24 511.5 511.89 512.22 510.5 510.28 510.14 510.16 511.51 512.69 514.22 515.73 511.47 510.12 510.34 510.62
-9999 536.42 534.63 524.91 533.37 526.68 531.12 528.59 529.44 528.66 531.45 520.72 523.05 526.93 532.43 533.9 530.07 522.83 520.61 519.83 519.11 524.66 522.86 524.68 524.84 525.23 527.03 527.95 524.45 524.66 521.44 519.68 517.69 517.04 518.24 516.45 516.09 515.17 515.41 515.1 514.54 514.03 514.16 514.04 515.34 514.56 517.92 517.75 518.19 516.65 516.71 516.4 515.73 516.3 512.5 511.34 512.51 511.56 510.67 510.55 510.71 510.12 509.99 511.22 510.28 510.29 517.11 518.23 509.93 510.08 510.35 510.34
-9999 536.17 531.5 528.65 530.06 533.87 527.85 529.72 532.58 530.19 532.12 529.72 525.01 533.51 534.23 532.15 527.3 520.93 520.87 520.61 519.82 521.35 521.66 524.24 523.25 523.83 524.08 522.48 522.13 521.8 521.56 518.01 517.57 517.62 516.7 516.61 516 515.32 515.61 515.33 514.86 514.35 514.08 513.96 515.13 515.5 517.88 515.69 518.12 515.17 515.69 515.7 515.65 513.17 511.89 511.92 512.6 513.44 514.15 514.23 510.03 510.03 511.29 515.62 516.23 515.18 513.38 516.2 512.51 509.92 509.88 510.07
-9999 536.13 534.14 530.34 533.73 533.8 533.95 533.86 527.41 533.28 532.41 530.45 529.28 529.82 532.05 529.46 523.07 520.41 520.66 520.47 520.14 520.29 520.73 521.21 522.12 523.91 523.64 520.33 522.34 517.99 517.84 518.82 518.31 517.22 517.21 516.8 516.27 515.44 515.87 515.38 514.77 514.19 513.9 513.59 513.27 513.33 514.91 514.14 516.05 515.76 515.64 515.4 512.9 513.76 512.12 513.19 514.19 511.95 510.45 510.18 510.08 510.1 514.72 515.35 516.5 514.84 511.11 513.65 513.3 510.95 511.63 509.99
-9999 535.53 533.9 532.92 532.97 533.12 533.57 529.21 522.51 530.58 533.55 530.39 531.14 530.81 528.83 527.2 526.69 524.03 521.29 521.05 520.77 521.28 521.73 522.14 522.46 522.95 523.72 519.96 518.67 518.05 519.42 519.39 518.75 517.89 518.52 517.98 517.57 518.48 516.06 515.59 514.87 514.04 513.68 513.84 513.48 514.05 514.37 514.55 514.69 515.15 515.31 514.62 514.38 511.95 511.81 513.82 516.04 514.54 510.96 510.18 511.76 510.59 517.64 516.03 511.02 516.49 516.52 514.1 514.61 513.88 513.99 516.42
-9999 534.98 533.33 532.69 532.66 532.37 528.79 526.37 526.66 533.48 534 530.43 530.86 530.43 528.08 526.32 522.62 525.15 523 521.05 521.24 520.56 520.05 522.45 522.28 523.04 523.34 520.89 518.62 518.29 519.66 518.66 518.43 517.84 520.03 519.25 519 516.89 515.84 515.79 515.1 514.05 514.03 514.65 513.55 514.25 513.22 512.88 513.49 514.35 513.98 514.34 514.64 513.04 512.29 512.63 517.95 517.43 517.3 510.43 514.81 514.16 519.97 515.64 514.05 517.25 517.99 515.05 513.46 515.92 517.56 519.35
-9999 533.94 532.42 531.81 532 532.15 529.07 529.81 532.53 528.21 533.78 534.22 533.94 528.28 525.17 525.9 525.28 525.95 522.76 524.08 520.53 532.38 524.6 524.06 523.36 520.09 520.3 527.46 521.79 520.22 520.74 521.15 518.65 518.97 519.92 519.61 519.06 515.77 516.07 515.22 514.88 514.35 514.73 517.53 516.07 512.8 513.03 515.34 512.84 513.18 513.36 513.41 512.56 512.13 511.84 511.69 513.26 519.53 519.56 517.69 521.19 521.8 517.74 513.88 513.75 515.29 515.16 514.12 511.67 515.52 514.9 518.38
-9999 533.81 532.61 533.72 533.57 529.92 527.53 530.41 532.9 532.86 529.02 525.73 531.96 526.71 526.13 524.23 524.5 526.6 523.56 528.42 520.48 521.16 521.07 519.42 532.89 526.69 523.23 523.33 521.9 521.93 521.02 521.5 518.88 519.86 518.95 517.04 517.41 516.13 516 515.24 514.63 514.36 514.12 513.89 516.81 513.88 513.18 514 513.77 514.16 515.65 513.05 512.2 511.99 512.08 511.68 513.48 514.84 518.65 520.62 519.8 520.86 517.66 511.5 514.75 516.64 514.6 511.45 509.85 510.48 514.53 516.54
-9999 534.37 533.43 532.92 529.17 527.24 525.24 528.57 533.35 528.55 526.63 533.96 528.71 529.39 526.43 524.07 523.93 526.59 528.56 527.29 520.73 518.79 526.69 522.06 532.33 525.17 532.08 526.68 522.51 521.78 530.17 524.78 519.6 519.59 517.35 516.1 516.33 516.23 515.5 515.08 514.86 514.83 515.05 513.98 513.59 513.49 512.86 513 512.92 515.98 516.21 514.05 513.38 513.39 513.24 512.91 511.95 511.92 517.19 520.98 520.63 517.96 516.88 515.83 515.35 517.31 513.51 510 510.05 509.99 515.14 516.1
-9999 534.59 535.07 532.28 529.16 529.65 531.63 524.39 524.62 534.52 532.86 531.85 534.25 531.95 530.3 520.52 523.8 525.84 528.52 530.57 527.84 519.13 531.92 526.91 526.44 525.09 532.35 532.68 532.57 532.95 527.28 522.83 517.93 517.54 516.75 516.78 517.65 523.16 521.27 514.83 514.77 514.78 515.39 514.47 513.37 513.02 512.84 512.96 513.34 512.79 515.57 515.69 515.2 515.73 514.71 512.69 511.41 513.7 519.22 521.13 520 516.43 514.36 517.71 517.72 512.64 514.45 515.75 510.17 510.36 511.38 516.53
-9999 534.97 533.31 529.26 522.27 528.34 529.36 532.77 525.11 529.23 533.58 533.26 529.64 521.92 526.57 530.32 528.43 528.31 530.03 530.74 532.29 532.69 532.86 530.86 520.72 521.55 529.45 529.65 530.87 529.43 528.52 524.9 520.34 519.91 517.76 522.86 525.8 526.86 519.87 520.87 514.66 514.48 515.28 514.88 514.39 513.71 512.62 512.69 513.97 515.72 515.19 516.23 516.4 515.69 513.66 513.01 513.84 516.94 521.07 521.11 518.86 519.63 519.75 521.64 519.63 511.72 513.22 517.59 514.08 510.56 512.95 512.33
-9999 534.41 533.08 530.96 528.45 521.82 524.88 531.81 533.59 535.73 535.8 532.6 527.91 531.84 528.8 529.51 525.72 526.69 531.23 526.54 531.8 533.57 534.12 535.66 534.74 534.82 535.02 524.98 527.48 531.99 533.58 523.89 520.26 520.79 528.11 528.1 528.43 529.9 529.62 518.66 521.75 514.31 515.04 515 514.84 514.07 513.17 512.27 512.1 513.51 513.4 515.11 515.82 514.53 513.29 512.64 516.26 521.56 521.71 515.73 518.86 518.19 520.41 521.42 521.44 517.33 516.71 511.96 510.5 512.33 513.68 510.02
-9999 535.44 532.21 533.31 532.51 531.8 527.54 532.11 530.56 536.23 533.22 532.27 531.93 532.32 528.33 529.86 530.02 531.07 531.88 532.26 532.03 534.46 532.51 534.95 534.62 529.24 535.19 522.88 533.37 531.16 534.05 527.45 524.51 520.74 527.71 529.26 519.33 529.46 528.85 530.31 525.84 524.27 527.85 519.71 514.27 514.29 513.51 512.98 512.07 512.45 513.11 514.56 514.9 513.99 512.76 513.29 511.89 525.4 527.98 522.8 514.61 510.87 516.46 519.95 519.59 517.08 517.47 518.04 512.41 510.91 513.55 511.2
-9999 531.85 531.64 532.9 535.49 534.81 527.74 531.1 528.24 534.02 535.91 530.8 531.26 532.42 531.83 529.55 529.65 532.01 532.34 532.19 531.96 522.34 520.53 524.22 533.7 534.1 529.25 527.76 532.75 525.58 533.39 534.23 526.94 521.77 523.33 524.58 530.02 530.25 530.35 530.03 527.66 530.4 530.26 530.58 523.7 513.64 513.07 513.26 512.29 512.08 511.85 513.48 512.6 512.57 512.17 516.95 520.69 529.04 520 525.84 529.61 514.11 520.09 516.54 511.12 518.44 514.79 513.32 510.03 510.88 510.42 511.96
-9999 532.24 533.53 535.52 534.27 528.28 527.27 529.19 530.48 525.9 531.33 529.48 530.31 530.96 529.18 529.27 529.32 531.67 532.71 521.06 531.04 522.07 525.01 527.67 528.28 531.29 527.32 532.18 529.75 534.4 535.04 531.93 532.88 523.69 521.89 525.43 530.32 530.22 530.38 530.34 530.44 530.52 530.73 530.2 527.33 513.36 513.66 512.63 512.45 511.87 512.04 512.01 511.61 511.34 513.26 514.41 528.72 515.25 519.72 536.46 531.51 534.48 521.28 513.49 513.54 517.77 513.37 509.9 509.96 509.87 512.17 515.73
-9999 531.63 532.39 533.87 531.62 531.03 525.71 525.06 529.75 527.07 530.89 524.84 529.55 530.23 530.31 529.24 521.8 526.61 532.96 532.63 520.76 531.97 522.8 519.51 530.96 533.12 533.1 533.76 531.21 532.89 534.93 533.09 531.04 530.83 525.27 526.94 527.42 529.67 518.75 523.27 530.02 530.57 530.96 530.43 526.82 514.17 513.33 512.51 512.22 512.04 511.94 511.61 511.3 511.69 514.63 512.34 525.74 518.87 536.28 537.18 519.48 533.36 526.99 513.05 512.12 517.4 512.92 510.01 510.94 510.15 512.09 513.32
-9999 529.82 527 527.35 529.94 532.85 529.21 529.66 525.55 523.51 525.78 530.69 529.71 528.96 527.88 530.27 530.13 531.2 527.4 522.98 522.91 532.56 522.67 526.31 527.42 530.25 527.03 529.57 532.71 528.75 534.64 533.9 532.4 531.54 529.16 529.58 529.56 530.38 530.69 530.29 530.47 530.91 530.7 530.12 530.13 513.73 513.53 512.91 512.5 512.27 511.67 511.53 511.69 511.54 515.65 515.57 522.62 535.44 536.11 536.89 537.1 534.98 526.97 513.11 510.66 510.11 510.01 511.68 513.42 512.44 511.44 511.02
-9999 526.98 526.74 526.74 528.26 531.67 531.69 523.61 527.36 524.93 527.96 527.46 531.73 526.97 533.73 528.92 530.38 531.62 532.21 526 530.35 521.03 526.47 525.26 532.3 532.08 533.01 533.39 532.52 533.97 534.63 535.24 534.83 529.3 526.98 529.95 530.87 530.79 530.83 530.44 530.31 531.19 529.91 529.38 528.88 526.7 515.59 513.19 513.51 512.06 512.3 511.71 511.94 512.4 512.39 516.57 532.41 527.96 536.36 537.18 535.55 526.96 516.84 512.59 512.46 510.12 509.88 512.57 513.78 512.98 512.42 512.12
-9999 528.72 527.75 526.71 526.07 527.54 526.96 529.67 529.75 523.29 525.07 522.88 520.43 522.6 532.72 533.91 527.18 529.36 527.62 527.99 524.3 527.49 526.92 525.57 530.76 531.54 532.88 529.73 534.29 534.08 534.4 535.15 535.23 530.28 523.42 529.07 531.21 530.99 530.64 529.97 521.09 531.33 530.54 529.34 529.47 517.03 513.52 513.3 513.39 512.89 512.34 512.09 511.85 511.44 511.26 513.04 514.13 528.54 528.28 535.12 524.98 515.29 513.37 512.18 512.81 510.16 510.04 512.38 510.49 510.44 511.71 512.29
-9999 528.33 528.03 527.5 525.65 524.7 524.29 525.58 525.37 530.16 531.48 525.01 521.06 531.36 534.12 531.89 530.13 530.69 527.92 533.01 526.61 532.37 520.68 532.11 523.69 532.7 533.49 533.65 534.6 533.44 531.84 534.54 531.7 529.51 528.39 529.94 529.78 530.54 529.73 529.72 530.5 530.74 530.06 529.24 521.92 519.16 515.39 513.35 515.13 514 512.71 512.27 511.88 511.62 511.53 512.91 514.75 515.57 514.57 511.2 510.4 510.51 512.83 512.56 513.86 510.11 510.08 510.1 509.96 510.02 510.09 511.94
-9999 528.7 525.61 527.55 523.82 521.12 523.41 527.94 527.85 531.54 526.32 531.8 531.97 529.31 534.28 534.39 531.29 524.74 529.8 526.88 531.08 530.97 521.86 532.04 532.31 532.91 533.02 532.69 532.83 533.49 534.46 535.08 530.61 526.95 529.6 530.34 530.02 529.66 528.86 529.94 529.98 529.86 529.24 526.26 520.23 524.24 523.25 515.79 515.99 517.08 515.07 512.49 512.98 513.75 512.4 513.37 514.88 515.03 514.4 512.62 510.39 510.63 512.46 513.12 512.29 510.16 510.14 509.99 510.04 510.07 509.95 510.05
-9999 529.23 529.13 525.56 520.96 521.41 528 533.44 533.23 530.76 533.63 532.43 532.41 534.14 529.9 535.48 535.09 520.71 531.97 530.51 527.47 526.77 530.47 525.87 528.58 533.68 533.47 531.55 528.93 533.46 534.38 534.78 530.6 526.68 528.68 530.41 530.01 528.01 529.74 529.37 528.31 528.42 528.8 527.27 528.49 523.91 516.67 514.38 516.27 516.79 515.29 514.01 513.97 514.02 513.88 514.43 515.62 516.08 515.44 513.97 511.48 510.38 510.47 510.36 510.98 510.59 510.08 510.05 510.17 510.09 510.03 510.06
-9999 528.97 528.4 523.35 528.73 529.06 525.52 529.14 533.91 534.03 533.59 532.81 524.49 522.5 520.1 534.29 535.66 529.25 525.62 528.41 526.8 528.57 532.11 528.32 524.37 530.87 531.66 533.06 533.1 533.74 534.2 532.67 526.99 525.77 527.16 528.39 525.39 527.2 525.7 525.97 527.29 527.83 528.19 527.02 522.49 517.5 519.53 514.48 516 514.26 513.98 513.18 513.18 512.86 512.49 511.94 513.57 516.21 513.14 511.43 511.31 510.73 510.37 510.35 510.31 510.31 510.34 510.38 510.35 510.26 510.03 510.05
-9999 526.31 526.57 527.17 526.9 523.42 525.11 525.6 532.02 530.58 528.46 533.09 532.07 533.35 524.08 533.37 536.09 531.83 530.08 533.25 531.64 529.66 531.86 530.6 527.15 527.06 529.07 530.52 532.14 533.64 534.21 532.1 529.78 527.93 527.3 525.69 524.04 524.3 527.51 528.37 526.49 528.65 527.4 527.73 516.52 524.67 525.08 514.73 512.94 512.9 512.85 512.83 512.62 512.43 511.9 511.97 512.71 512.18 511.71 511.13 510.84 510.72 511.11 510.8 510.53 510.39 510.24 510.49 510.3 510.21 510.36 510.12
-9999 524.22 525.12 526.64 527.41 530.28 528.12 529.42 531.45 533.79 531.76 526.09 529.31 524.46 532.7 534.18 520.34 519.81 530.02 524.25 529.14 527.89 531.58 530.11 527.22 529.32 530.78 529.3 530.95 531.06 531.91 528.5 527.22 527.25 527.21 522.83 521.83 519.73 525.58 525.79 525.49 526.47 527.55 526.17 525.58 519.58 515.94 514.4 512.72 513.25 512.87 512.93 512.69 512.36 512.11 512.09 512.47 512.22 511.81 511.37 510.94 510.68 510.88 511.22 510.91 510.58 510.41 510.5 510.33 510.3 510.72 510.49
-9999 527.03 526.99 528.56 528.08 530.72 526.68 530.52 533.25 529.71 533.06 527 529.2 532.49 532.04 534.65 529.27 524.95 526.3 528.76 526.87 526.47 527.64 530.78 525.7 526.48 531.04 530.17 529.96 530.27 531.04 530.93 528.07 519.19 518.26 517.41 518.09 517.61 518.92 525.61 525.05 521.95 525.09 525.04 521.58 514.51 516.15 515.58 513.11 514.22 513.65 513.48 512.94 512.72 512.69 512.75 512.64 512.2 512.09 512.69 512 513.29 511.09 511.24 510.96 510.62 510.37 510.59 510.46 510.37 510.59 510.67
-9999 526.63 527.21 529.94 529.32 525.45 529.31 527.67 528.22 532.61 533.43 534.47 534.86 534.8 530.68 534.46 523.07 528.78 526.97 526.71 525.44 526.2 527.04 526.81 528.16 528.35 528.01 528.37 528.91 530.83 531.29 530.3 528.7 526.03 522.43 518.15 517.77 517.33 516.82 521.47 523.35 523.79 523.31 523.19 520.38 514.23 515.64 516.3 513.75 514.09 514.37 514.67 513.49 512.89 512.6 512.33 512.65 512.04 512.23 512.42 518.75 515.99 513.91 515 510.78 512.85 510.54 510.52 510.56 510.46 510.73 510.82
-9999 531.12 532.84 535.36 529.18 526.77 525.32 526.92 529.02 531.15 532.82 532.9 531.75 534.55 523.77 534.41 522.79 529.76 530.58 526.06 525.4 528.69 527.07 526.46 525.42 529.89 528.87 525.43 528.14 529.26 529.73 530.53 529.16 527.6 527.88 517.82 517.07 516.32 517.72 521.17 517.27 515.66 515.89 514.92 514.59 514.64 514.95 515.41 514.04 514.26 514.6 514.66 514.49 513.73 513.08 512.57 512.44 512.04 516.11 515.32 518.28 519.24 518.19 519.98 517.59 514.64 510.94 510.72 510.86 510.9 510.95 510.89
