tests/GridSurface/491_926.asc
ncols 106
nrows 352
xllcorner 491894
yllcorner 926648
cellsize 1
nodata_value -9999
[rows 32 to 63 of 352, columns 0 to 71 of 106]
523.84 523.95 523.57 523.68 523.7 523.6 523.23 523.19 523.17 522.99 522.95 522.56 522.8 522.67 522.89 522.75 522.58 523.41 523.46 522.86 522.41 521.91 521.75 522.62 522.58 522.33 522.09 521.61 521.44 521.57 521.73 521.72 521.96 521.78 521.71 521.49 521.6 521.51 521.58 521.91 521.65 522.37 522.56 523.18 523 522.33 521.42 521.68 521.24 520.91 520.67 519.88 518.76 518.46 518.58 516.93 518.67 519.56 520.87 520.3 520.56 520.57 521.89 520.5 517.86 518.61 519.56 520.04 520.37 520.29 520.43 519.39
524.06 524.23 523.87 523.33 523.75 523.52 523.72 523.42 523.5 523.36 523.1 522.52 522.83 522.6 523 522.95 522.79 523.19 523.36 523.44 522.98 522.23 521.94 522.6 522.86 522.6 522.01 521.69 521.68 521.67 521.68 521.61 521.95 521.73 521.62 521.65 521.79 521.42 521.17 521.14 521.5 521.4 522.83 522.64 522.5 521.06 521.38 521.06 521.58 521.97 521.63 520.29 518.72 518.33 518.51 518.86 519.07 519.95 521 520.72 521.82 521.47 521.11 517.23 519.21 518.76 519.31 519.91 520.03 520.08 520.8 520.24
524.27 523.84 523.89 523.67 523.57 523.63 523.19 523.92 523.71 523.97 523.3 523.13 522.81 522.58 522.64 522.48 523.63 522.55 523.36 523.3 523.31 523.12 522.89 522.56 522.52 522.46 522.21 522.13 521.95 521.87 521.81 521.95 522.13 521.79 521.79 521.81 522.09 521.6 521.31 521.21 521.35 521.42 521.11 521.19 520.95 520.91 520.84 521.11 521.22 522.14 521.99 520.89 519.17 518.43 518.12 518.65 520.34 520.26 521.35 521.32 521.01 521.26 520.95 520.86 517.46 519.72 520.68 520.43 519.87 519.97 520.45 519.89
524.05 524.03 523.96 523.87 523.29 523.19 523.76 523.98 523.06 523.67 523.95 523.56 523.32 523.38 523.12 523.08 523.35 523 522.86 522.68 523.61 522.78 522.35 522.4 522.43 522.65 522.43 522.25 522.4 522.23 521.97 522.29 522.66 521.97 521.92 521.85 521.8 521.56 521.33 521.18 521.46 521.92 521.68 521.36 520.94 521 520.69 520.44 520.43 521.32 521.36 520.53 519.41 519.27 518.67 518.01 519.21 520.36 521.53 521.59 521.44 520.48 520.87 518.86 519.54 522.03 522.91 521.74 523.18 520.08 521.19 521.48
524.42 524.3 524.5 523.75 523.73 523.94 523.63 524.03 524.43 524.36 523.7 523.25 523.8 523.62 523.45 523.25 523.96 523.47 522.83 522.85 523.26 522.77 522.75 522.59 522.48 522.49 522.38 522.59 522.66 522.71 522.53 522.74 522.57 523.13 522.33 521.89 521.46 521.42 521.34 521.48 521.68 521.76 522.24 522.51 522.2 522.29 521.92 520.69 521.09 520.92 519.86 519.87 519.58 519.2 519.15 517.57 516.03 515.63 519.77 520.74 520.61 520.11 519.77 517.14 520.55 522.41 522.74 523.03 523.74 520.22 522 521.96
523.73 523.72 524.19 524.45 523.86 524.28 524.18 524.06 523.98 524.47 523.45 523.57 523.92 524.16 523.51 523.39 523.45 523.62 523.31 522.8 522.99 522.84 523.68 522.96 522.79 522.75 522.6 522.84 523.19 522.64 522.81 522.67 522.45 522.22 522.48 521.92 521.68 521.86 521.85 521.74 521.8 522.26 523.78 522.95 523.25 523.43 522.55 522.4 521.61 521.83 520.06 520.3 519.62 519.07 518.93 518.05 515.99 517.02 517.56 520.11 520.71 520.29 518.34 517.85 518.4 521.57 522.73 522.63 522.37 520.79 521.8 522.22
523.67 524.04 524.11 523.05 524.49 524.71 523.96 524.43 524.31 524 523.51 523.34 523.78 523.9 523.62 523.85 523.76 523.49 523.69 522.83 522.74 523.07 523.48 523.32 522.91 522.95 522.56 522.95 523.62 522.79 522.67 522.92 522.72 522.67 522.57 522.4 522.34 522.18 522.07 522.03 522.02 522.03 524.05 523.51 523.18 522.91 520.84 521.95 521.58 521.06 520.59 520.27 520.19 519.28 518.46 517.14 516.76 517.43 518.07 519.9 520.97 518.42 517.54 522.69 519.24 521.05 521.23 521.11 520.55 520.76 521.73 522.38
524.09 523.95 524.27 523.76 524.51 524.59 524.46 524.33 524.09 523.86 523.74 524.35 524.14 523.29 523.42 524.08 523.8 523.61 523.6 523.13 523.23 523.57 523.69 523.83 522.96 523.46 523.11 523.43 523.47 523.31 522.99 523.32 523.29 523.03 522.62 522.48 522.69 522.18 522.03 522.28 522.5 522.32 523.96 523.19 523.15 522.77 520.88 521.88 521.88 520.84 520.54 520.23 520 519.54 520.61 517.18 518.12 518.87 519.17 519.05 516.24 517.18 517.96 521.25 521.47 520.89 520.31 520.31 520.6 520.76 521.72 522.06
524.48 524.54 524.61 524.4 524.64 524.92 524.84 524.46 524.29 523.94 523.78 524.1 523.98 523.59 523.56 523.7 523.43 523.41 523.47 524.12 524.06 524 523.85 524.15 523.63 523.4 523.21 523.27 523.06 523.06 523.31 523.3 523.35 522.95 522.8 522.93 522.93 522.31 522.14 522.41 522.6 523.03 523.9 524.17 524.46 522.49 521.37 521.51 521.66 521.22 520.98 520.23 520.51 520.71 520.2 517.47 517.84 518.42 518.86 517.68 516.61 517.24 518.53 520.27 521.65 521.84 520.75 520.85 521.59 522.16 521.54 526.48
524.94 524.65 524.78 524.5 524.34 525.16 524.71 524.28 524.07 524.27 524.46 524.03 523.93 523.85 523.65 523.79 523.58 523.5 525.02 524.26 523.78 523.78 524.14 524.1 523.91 524.09 524.14 523.66 523.49 523.53 523.43 523.52 523.37 523.04 523.42 523.51 523.53 522.78 522.7 522.93 523.15 523.02 523.16 523.34 522.53 525.19 522.24 521.92 522.09 521.66 520.87 520.65 520.77 520.87 520.36 519.18 519.14 517.6 518.34 518.49 517.96 517.32 518.39 519.54 520.39 520.47 520.74 521.5 522.35 524.21 524.95 526.96
525.4 525.16 525.22 525.2 525.21 525.15 525.1 525.02 524.57 524.22 524.26 524.15 524 523.88 523.71 523.92 524.05 523.82 523.74 524.05 524.05 524.25 524.48 524.63 524.5 523.84 523.53 523.12 523.06 523.25 523.89 523.53 523.4 523.28 523.64 523.69 523.53 523.15 523.07 523.46 523.87 522.88 522.63 522.45 522.23 522.34 522.43 522.79 522.24 521.75 520.96 520.67 520.45 520.41 520.09 519.6 519.43 516.66 518.19 518.6 518.22 518.08 518.16 519.25 519.73 520.51 522.81 523.31 523.92 525.75 526.33 526.53
524.99 525.2 525.37 524.7 525.04 524.94 524.93 524.6 524.8 524.66 524.81 524.56 524.22 524.21 524.11 524.25 523.92 524.19 523.92 523.91 523.8 524.41 524.6 524.57 524.45 523.72 523.43 523.28 523.31 523.62 523.74 523.38 523.42 523.46 523.58 524.02 524.2 523.56 522.68 524.69 523.65 523.43 523.25 522.88 522.25 522.22 522.44 522.16 522.01 521.86 521.25 520.64 520.74 520.13 519.88 519.5 519.27 517.79 517.46 518.3 517.85 517.17 518.08 519.49 520.92 521.28 523.07 523.74 524.08 525.61 526.29 526.64
524.77 525 524.85 524.03 524.86 524.84 524.87 524.61 524.76 525.2 525.1 524.31 524.26 524.68 524.65 524.31 524.04 524.19 524.25 524.72 523.63 524.57 524.8 524.41 523.76 523.72 523.32 523.04 523.23 523.41 523.47 523.77 523.94 523.75 523.79 524.13 523.8 523.99 523.23 523.74 522.67 523.5 524.16 523.4 522.56 522.43 522.62 522.36 522.1 522.48 521.56 522.13 524.67 520.3 519.98 519.81 519.17 518.8 518.25 517.5 517.42 517.2 520 521.14 521.47 521.65 522.03 523.11 525.11 524.78 526.71 526.61
525.4 524.96 524.32 524.99 524.96 524.79 524.69 524.97 524.76 524.88 524.67 524.7 524.2 524.04 524.58 524.5 525.07 524.61 524.47 524.17 523.76 524.75 524.25 524.62 524.2 524.47 523.38 523.63 522.91 523.37 524.05 524.41 524.37 524.37 524.12 523.92 523.61 523.96 523.6 523.51 523.87 524.27 524.36 523.95 522.78 522.93 523.1 522.65 529.16 525.36 521.63 528.52 526.2 520.39 520.22 519.99 519.71 519.57 518.74 517.27 517.02 517.54 523.06 522.59 522.16 521.01 521.68 522.4 522.99 525.3 525.21 526.62
525.2 525.3 524.94 524.99 524.98 524.81 524.84 525.26 525.03 525.12 524.5 524.32 524.84 525.26 524.35 525.05 525.22 524.94 524.68 524.38 523.96 524.24 524.47 524.66 524.3 524.1 523.97 524.36 523.21 523.64 524.22 524.34 524.16 523.95 523.95 524.15 523.93 523.71 523.98 523.52 523.35 523.3 522.82 522.62 522.85 523.06 523.01 522.95 522.22 527.31 522.78 525.55 530.51 524.59 521.56 520.44 520.47 520.13 519.58 520.57 518.85 517.54 522.96 522.48 523.07 520.83 521.63 522.33 522.09 522.07 522.24 522.39
525.3 525.65 525.04 524.72 525.12 524.78 524.89 524.47 525.25 525.23 524.94 524.95 524.96 524.39 524.89 525.12 525.06 524.98 525.12 524.75 524.34 524.93 524.45 524.23 524.57 524.3 524.51 524.79 524.6 524.3 524.35 524.42 524.19 524.22 524.11 524.31 524.27 523.85 524.04 523.69 523.33 523.09 522.93 522.72 523.23 523.36 523.5 528.07 530.23 532.51 532.68 531.99 531.8 532.43 521.17 520.82 520.89 520.6 520.92 521.8 521.68 522.08 523.11 522.89 522.16 520.79 521 522.11 522.24 522.46 522.53 522.48
525.37 525.87 525.01 525.17 525.18 525.26 525.02 524.97 525.01 525.13 525.44 525.22 524.97 524.57 524.88 524.68 524.72 525.64 525.32 525 524.74 525.01 524.61 524.5 524.78 524.09 524.7 524.58 524.77 524.42 524.19 524.48 524.55 524.31 524.29 524.29 524.68 524.51 524.14 523.98 523.77 523.27 522.98 523 523.56 523.68 523.54 523.61 531.06 531.03 532.97 532.36 532.17 532.09 528.35 521.41 521.19 521.04 520.83 522.23 521.64 521.99 522.78 522.73 521.21 521.07 521.05 521.99 522.45 522.65 522.79 522.69
524.37 525.79 525.63 525.34 525.22 524.58 524.56 524.75 525.16 524.94 525.28 525.55 524.99 525.04 525.5 526.2 525.94 526.08 524.69 524.75 524.64 525.03 524.74 523.91 524.27 524.97 525.02 524.46 524.34 524.62 524.12 524.39 524.52 524.6 524.36 524.39 524.74 524.49 524.46 524.25 524.05 523.76 523.39 523.37 523.7 523.67 523.82 525.02 527.33 531.8 532.53 529.62 531.01 530.43 523.61 521.86 521.8 521.73 520.88 521.63 521 521.46 518.93 522.03 520.9 521.17 521.18 521.89 522.42 522.45 522.93 523.04
525.65 526.24 525.93 525.42 525.53 525.27 525.14 525.45 525.02 524.43 524.8 525.34 524.56 525.68 525.47 525.95 524.98 525.75 525.35 525.24 524.7 524.98 525.22 524.66 524.92 524.83 524.93 524.85 523.67 524.85 524.69 524.59 524.56 524.65 524.43 524.47 524.45 524.21 524.51 524.53 524.26 523.87 523.55 523.47 523.78 523.9 523.92 526.79 527.41 527.33 530.36 532.21 527.23 522.68 522.19 522.27 522.49 522 520.78 520.94 520.96 521.18 522 521.18 520.6 520.84 521.26 521.76 522.64 522.32 522.61 522.61
525.07 525.2 525.72 525.42 525.44 525.53 525.17 525.29 525.03 525.47 525.28 525.02 524.9 525.35 525.43 525.59 524.81 525.75 525.07 526.01 525.3 525.35 525.37 524.9 525.21 524.73 525 524.63 524.55 525.02 524.87 524.88 524.67 524.77 524.63 524.51 524.49 523.8 524.36 524.22 524.14 523.94 523.71 524.02 523.85 524.21 523.82 523.7 523.14 523.35 529.73 530.49 522.65 522.21 522.61 522.85 522.74 522.26 521.47 521.07 521.42 521.41 521.42 520.84 519.2 520.51 521.37 521.55 522.11 522.24 525.42 524.04
526.4 525.34 525.19 525.55 525.6 525.21 525.1 525.3 525.59 525.11 525.45 524.94 525.07 525.21 525.38 525.47 525.02 525.48 525.39 525.46 525.15 525.39 525.43 524.93 525.06 524.18 524.64 525.19 524.73 524.89 524.84 524.79 524.65 524.66 525.03 524.54 524.12 523.77 523.61 523.86 524.37 524.3 524.07 524.6 524.6 524.61 524.14 524.2 523.6 523.04 523.72 523.96 523.46 523.13 523.19 523.13 522.59 522.37 522 521.83 522.2 522.2 522.16 522.19 522.97 522.14 521.41 521.29 522.05 521.67 522.37 524.25
525.86 525.36 525.22 525.57 525.66 525.16 525.45 525.37 525.44 525.74 525.51 525.28 525.4 525.78 525.44 525.37 525.26 525.11 526.25 525.04 524.76 525.55 524.93 525.14 524.61 524.28 525.62 525.3 524.46 524.83 524.88 524.87 524.96 524.74 524.95 524.65 524.51 524.53 523.88 523.93 524.53 524.72 524.47 524.53 523.55 524.72 524.45 524.15 523.43 523.67 523.97 523.86 523.87 523.46 523.25 523.15 522.92 521.63 522.44 522.28 522.79 522.85 522.73 522.81 523.81 522.61 520.91 520.61 521.37 522.11 522.37 525.03
525.57 525.68 525.67 525.57 525.54 525.26 525.24 525.54 525.93 525.66 525.55 525.39 525.66 525.43 525.34 525.29 525.51 525.29 525.56 524.69 524.7 525.08 525.41 524.98 524.8 525.07 525.89 525.63 525.65 525.61 525.25 525.04 525.14 524.95 524.63 525.16 524.85 525.36 524.31 524.42 524.69 524.29 524.56 524.61 524.23 524.65 524.56 524.73 523.77 524.05 524.07 523.87 523.69 523.81 523.31 522.88 522.66 522.67 522.38 521.53 522.3 522.55 523.39 523.94 524.23 523.04 520.74 520.95 521.49 522.55 522.58 522.94
526.17 525.9 525.36 525.54 525.25 526.01 524.84 525.58 525.86 525.3 525.1 525.32 525.27 525.25 525.23 525.2 525.36 525.43 525.33 525.39 525.34 525.45 525.42 525.1 525.28 525.5 525.84 524.97 525.11 525.28 525.22 525.54 525.26 525.19 524.28 525.65 525.5 525.83 525.26 525.32 524.88 524.72 524.4 524.99 525.03 524.47 524.23 524.23 524.48 524.41 524.3 524.2 523.97 523.67 523.37 522.93 522.82 522.43 522.27 522.28 523 522.85 523.49 523.75 524.04 522.45 521.45 521.96 522.01 522.16 522.34 522.12
525.86 525.81 525.52 525.1 525.67 526.17 525.66 525.93 526.04 525.61 525.25 525.34 525.33 525.18 525.03 525.16 525.41 525.42 525.14 525.14 525.08 524.93 525.69 525.68 524.69 526.33 525.83 525.5 525.88 525.2 525.8 525.73 524.74 524.36 525.07 526.03 526 525.58 525.35 525.25 525.26 524.84 525.08 524.82 524.92 524.51 524.17 525.17 524.7 524.55 524.52 524.37 523.89 524.04 523.87 523.15 523.67 523.33 523.3 523.08 524.36 523.68 523.07 522.96 522.72 522 521.94 521.83 521.72 521.76 522.13 523.05
526.42 526 526.07 525.8 525.5 525.74 525.91 525.78 525.76 525.52 525.45 525.72 525.26 525.23 525.52 525.06 525.31 525.4 525.13 525.14 525.33 525.47 525.25 525.31 525.28 526.22 526.26 526.05 525.92 525.79 525.97 525.27 524.28 524.95 525.36 526.07 525.94 525.28 525.33 525.57 524.02 525.25 525.67 524.93 524.75 524.73 524.77 524.79 524.13 524.6 524.49 524.26 524.13 524.37 524.1 523.7 523.78 523.91 523.75 523.4 524.06 523.45 522.9 522.8 522.29 522.88 522.98 522.47 522.4 522.13 521.64 523.61
526.61 526.58 526.49 526.34 526 526.02 525.9 525.31 525.58 526.09 525.54 525.78 526.12 525.75 525.44 525.21 525.31 525.28 525.11 525.25 525.54 525.42 525.06 524.82 525.28 526.13 525.93 526.06 525.77 525.48 525.57 525.15 524.73 525.08 525.05 525.83 525.34 525.08 524.6 524.84 525.94 525.3 525.3 525.67 525.09 524.91 524.6 524.92 524.14 524.06 524.48 524.78 524.56 524.6 524.36 523.87 523.86 524.27 523.77 523.82 524.11 523.66 523.25 523.17 523.39 523.3 523.31 524.14 522.7 522.24 521.87 523.39
526.36 526.26 526.26 526.09 525.89 526.42 525.75 526.56 525.66 526.28 526.09 525.7 525.4 525.53 525.41 525.57 525.47 525.64 525.39 525.39 525.38 525.33 525.35 525.13 524.61 525.19 525.37 525.62 525.75 525.52 525.64 525.69 525.29 526.13 525.55 525.32 525.1 525.14 525.09 524.74 524.96 525.24 524.87 525.74 525.04 524.56 525.31 525.13 524.6 524.87 524.63 524.67 524.75 524.63 524.5 524.07 524.35 524.35 524.02 523.95 524.33 524.08 523.85 523.56 523.26 524.32 524.22 524.22 523.33 522.39 522.14 523.47
526.4 526.39 526.34 526.39 526.49 526.4 526.07 526.37 526.45 526.29 526.05 525.82 525.72 525.93 525.75 525.47 525.4 526.07 525.77 525.57 525.42 525.42 525.18 526.12 525.52 526.2 525.77 525.35 525.54 526.24 525.64 524.94 525.83 525.96 525.92 525.78 525.45 525.56 525.57 525.59 525.57 524.99 525.87 525.24 524.86 524.94 525.6 524.78 525.29 524.79 524.48 523.8 524.65 524.49 524.44 524.36 524.34 524.56 524.28 524.38 524.42 524.22 524.29 523.95 523.59 524.15 524.06 523.83 522.96 522.24 522.36 523.55
526.07 526.22 526.42 526.03 526.13 525.77 525.97 526.33 526.23 525.36 525.55 526 525.69 525.63 525.44 525.37 526.03 525.92 525.76 525.66 525.52 525.61 526.68 526.08 526.45 526.06 525.58 525.49 525.36 525.29 525.83 524.88 525.97 525.72 525.98 525.83 525.51 525.59 525.68 524.98 525.05 525.34 525.66 525.4 525.55 524.89 525.31 525.48 525.67 524.7 524.94 524.79 524.97 524.53 524.22 524.31 524.04 524.5 524.47 524.48 524.46 524.4 524.6 524.66 524.51 524.48 523.28 523.99 524.29 522.45 522.48 523.54
525.87 526.89 526.94 526.76 526.08 526.54 526.35 526.66 526.61 526.6 526.35 526.12 525.86 525.92 526.1 526.13 526.37 526.3 525.96 526.01 526.06 526.11 526.86 526.28 524.89 526.6 526.12 525.96 525.64 526.04 526.19 525.56 526.05 525.99 525.72 525.69 525.84 525.91 525.73 525.52 525.98 524.77 524.72 524.75 524.99 524.66 524.93 525.96 525.33 524.67 524.82 525.01 524.92 524.69 524.06 524.27 524.45 524.64 524.72 524.73 524.81 524.67 524.57 524.54 524.71 524.67 523.56 523.71 523.78 522.82 522.69 523.41
527.04 527.5 527.08 527.26 526.94 526.79 526.77 526.83 526.89 526.89 526.57 526.52 526.29 526.36 526.37 526.54 526.29 526.36 526.34 526.45 526.17 526.73 526.67 526.7 526.06 525.9 525.73 526.07 526.38 526.81 525.92 525.82 525.69 526.01 525.52 525.82 525.78 525.18 525.89 525.84 524.99 524.83 525.07 525.27 525.65 525.22 525.65 525.81 524.96 525.15 524.94 524.73 524.79 525.15 524.29 524.65 524.8 524.8 524.88 525.19 525.03 524.57 524.05 524.28 524.69 524.5 524.02 523.7 523.48 522.9 523.37 523.89
