tests/GridSurface/491_930.asc
ncols 130
nrows 1000
xllcorner 491870
yllcorner 930000
cellsize 1
nodata_value -9999
[rows 736 to 767 of 1000, columns 0 to 71 of 130]
-9999 -9999 -9999 -9999 523.25 526.78 520.84 518.88 522.68 523.59 522.83 519.24 519.33 519.75 519.93 519.26 516.25 515.33 514.9 516.46 520.58 520.96 521.76 520.65 521.8 522.03 522.26 522.6 524.12 524.19 523.95 528.64 519.79 524.62 520.23 524.43 519.75 519.62 519.46 518.07 517.65 517.49 518.84 518.09 515.75 517.47 517.41 516.36 519.2 519.24 519.19 519.09 518.42 520.49 518.98 518.84 525.51 526.01 527.25 527.68 527.3 520.05 521.94 525.45 521.54 520.27 520 519.94 519.6 522.9 533.61 534.44
-9999 -9999 -9999 -9999 525.75 526.02 524.16 519.52 521.45 521.16 518.66 516.15 514.15 519.04 518.86 516 516.03 515.37 517.32 518.65 520.71 521.39 521.93 521.93 521.89 522.41 522.73 524.37 525.3 525.08 527.14 526.23 524.82 516.69 519.48 530.65 525.4 519.75 518.6 516.43 515.66 515.89 517.62 516.11 515.86 518.12 518.6 532.53 531 522.55 519.78 519.12 522.76 519.71 522.41 520.2 519.14 527.12 526.28 525.94 524.34 520.93 521.01 519.78 519.31 520.01 519.57 519.19 519.58 519.2 530.46 534.92
-9999 -9999 -9999 -9999 528.1 527.69 526.02 521.69 518.15 516.5 515.36 514.31 517.16 517.74 517.31 517.32 518.15 518.67 517.41 519.54 520.85 520.97 521.45 522.02 522.27 521.92 519.56 524.37 525.02 525.74 527.33 518.89 524.29 527.78 523.6 519.04 519.59 519.57 518.02 515.74 515.31 516.1 516.93 515.76 516.95 521.66 526.43 532.05 528.86 524.83 520.15 520.41 517.87 529.93 529.56 524.89 521.87 523.31 524.84 524.87 520.29 519.93 518.46 520.05 518.67 519.54 519.21 519.39 520.17 522.67 534.18 534.1
-9999 -9999 -9999 -9999 526.22 521.64 519.82 520.73 517.63 514.77 514.44 517.54 518.13 517.41 515.17 519.97 520.49 520.22 517.35 521.24 521.72 521.63 521.49 522.22 522.15 521.37 517.53 520.57 522.28 521.2 520.69 528 531.56 526.97 528.12 520.36 519.41 517.71 516.68 516.14 515.5 515.61 517.02 515.88 515.97 517.22 532.07 532.12 526.32 519.92 531.87 528.51 523.63 520.62 529.72 529.84 523.54 521.11 520.24 518.43 519.98 521.03 520.13 519.08 517.29 519.72 520.69 520.26 520.87 521.56 529.13 530.4
-9999 -9999 -9999 -9999 523.23 522.18 527.06 522.77 519.39 519.19 516.19 518.83 518.42 518.68 515.97 519.29 519.19 517.11 515.67 520.37 521.86 521.75 521.65 521.73 521.95 519.3 518.87 519.15 520.44 516.93 515.8 520.63 529.5 530.22 527.62 526.35 520.54 518.05 516.59 515.49 515.57 515.81 517.69 517.92 516.28 517.26 531.71 532.65 525.8 532.17 531.41 531.04 531.05 530.19 530.06 530.55 529.08 521.28 520.06 519.72 519.74 519.73 517.67 517.2 517.69 520.33 520.68 522.61 522.88 521.89 517.73 527.57
-9999 -9999 -9999 -9999 523.48 524.66 527.72 524.07 520.75 519.95 520.95 519.67 519.44 519.12 518.53 517.73 518.06 521.72 519.96 515.86 518.68 518.14 521.37 521.82 521.87 521.52 521.62 520.14 518.23 516.37 516.08 519.69 521.6 523.68 524.19 525.1 522 520.89 520.97 515.79 518.37 516.59 516.04 517.57 518.41 519.77 524.96 530.25 525.69 532.07 531.47 529.87 530.73 522.63 529.79 530.72 530.32 520.89 522.11 519.3 519.47 519.09 516.96 519.99 521.01 518.06 520.47 522.11 523.98 524.61 524.99 525.3
-9999 -9999 -9999 -9999 524.33 526.07 526.7 525.21 518.77 515.5 520.43 521.33 520.1 520.52 522.17 519.65 519.4 523.91 522.65 519.88 518.35 517.45 515.87 520.97 521.76 521.56 521.26 520.02 518.47 517.26 517.99 519.15 521.29 522.72 523.35 524.79 520.8 521.09 520.93 515.23 523.33 518.34 516.41 517.29 517.36 517.39 516.37 527.95 523.2 532.27 526.8 524.09 531.44 531.28 530.57 525.78 528.72 523.65 521.63 519.57 517.75 517.82 519.82 520.66 521.15 521.55 521.01 522.64 524.52 524.44 525.65 525.17
-9999 -9999 -9999 -9999 523.76 525.27 525.11 525.97 524.49 518.16 517.07 518.63 519.87 519.71 522.15 521.25 521.39 522.68 522.41 520.46 521.21 520.16 521.71 521.66 520.27 520.38 520.62 520.67 520.14 519.81 515.38 519.09 522.4 522.18 520.69 522.94 519.36 521.99 518.55 516.9 519.72 518.42 518.06 516.01 516.09 519.52 524.01 520.03 532.31 526.32 523.34 531.39 531.75 531.67 531.93 531.08 529.4 526.67 521.97 520.22 522.27 521.43 520.99 521.16 521.49 518.89 521.04 530.2 525.44 525.08 524 524.36
-9999 -9999 -9999 -9999 518.47 518.61 518.2 520.18 527.4 523.9 517.72 516.81 519.78 521.06 521.47 521.49 521.73 522.14 522.41 522.3 521.82 521.52 517.36 517.19 518.22 518.55 519.13 517.92 519.29 517.98 519 520.34 521.22 522.72 518.56 516.55 523.54 523.66 518.11 517.91 517.97 525.55 517.21 516.71 516.08 533.47 533.81 534.02 533.84 531.05 532.31 531.8 531.9 531.76 532.07 531.58 526.47 528.23 526.09 524.75 525.42 524.07 524.58 525.44 524.3 529.79 517.69 525.73 528.64 531.39 530.93 522.29
-9999 -9999 -9999 -9999 517.24 517.16 516.44 516.94 525.43 524.44 516.53 517.77 521.75 521.64 521.16 520.3 521.19 522.37 522.64 522.42 518.5 519.37 517.6 520.54 519.57 519 519.16 519.15 520.05 520.02 520.39 521 523.19 522.29 520.97 521.28 527.18 525.08 523.19 521.07 517.11 517.67 516.29 518.73 525.94 526.98 533.55 533.46 533.44 532.23 532.27 533.18 532.64 532.08 532.01 531.45 529.31 526.51 526.76 526.99 526.37 526.74 526.46 525.81 529.35 531.52 532.2 532.66 532.48 528.99 529.22 522.92
-9999 -9999 -9999 -9999 515.91 515.56 515.29 516.46 520.14 516.93 517.87 517.57 521.41 521.43 519.92 516.8 517.77 518.38 522.47 520.22 516.85 516.73 516.46 516.88 517.36 519.36 520.17 518.94 519.5 518.89 518.27 521.26 521.62 526.67 524.37 524.53 527.2 527.58 525.95 530.48 527.82 531.15 518.49 519.58 521.94 533.29 533.57 533.64 531.68 533.17 533.29 534.85 535.64 534.02 533.84 532.21 531.25 527.68 527.06 527.76 528.01 527.52 527.41 526.93 527.15 526.19 532.81 533.64 532.37 526.11 532.6 530.97
-9999 -9999 -9999 -9999 517.31 516.17 514.92 515.3 515.37 516.47 517.14 519.87 521.3 521.97 519.8 518.23 517.94 517.99 519.18 518.7 516.54 516.61 516.57 516.95 516.67 519.16 523.26 517.73 516.97 516.89 518.74 519.14 521.94 522.9 525.54 521.61 528.54 527.39 529.97 529.53 531.07 531.49 519.92 516.93 521.06 532.82 533.09 530.77 532.44 534.7 537.09 537 536.59 536.44 535.24 532.64 532.23 526.59 527.8 528.36 527.91 527.37 525.04 527.7 526.3 531.44 532.33 531.82 532.77 530.38 525.81 532.32
-9999 -9999 -9999 -9999 520.98 518.71 518.51 516.9 516.45 517.31 518.21 520.14 521.69 522.41 522.67 523.05 517.7 517.49 517.48 517.31 516.29 517.22 517.51 524.69 516.57 521.42 527.38 521.45 520.42 514.94 527.49 524.13 523.78 521.71 523.54 526.88 527.28 527.96 529.03 530.93 530.17 531.79 530.47 520.71 525.41 526.4 532.02 530.32 530.29 536.4 536.79 536.59 536.78 536.67 536.03 532.82 532.74 529.45 527.93 528.68 528.54 528.06 529.84 529.71 529.39 533.6 533.41 532.25 531.92 527.76 518.47 534.52
-9999 -9999 -9999 -9999 519.7 520.91 519.07 518.62 517.33 517.13 519.46 520.14 521.24 522.14 522.95 523.25 519.94 517.88 516.86 516.72 517.04 517.02 517.46 531.08 517.58 519.44 527.66 522.78 519.76 530.86 528.3 524.99 526.16 529.86 529.81 529.62 528.76 527.88 527.63 531.74 531.61 528.91 526.48 519.56 518.09 525.27 530.34 531.68 525.38 529.72 536.22 536.13 536.28 536.66 535.45 532.96 533.19 529.04 528.17 528.57 528.64 528.25 529.34 532.41 530.53 533.5 529.8 532.77 529.65 523.51 527.49 534.89
-9999 -9999 -9999 -9999 520.25 520.07 518.21 518.48 518.41 518.45 519.34 519.38 520.25 519.63 519.14 518.89 516.89 516.87 516.04 517.15 518.17 518.23 521.43 525.3 518.31 531.06 531.44 527.73 516.69 518.98 531.46 526.33 526.49 531.28 531.46 530.45 527.58 529.57 529.8 529.91 527.43 531.43 531.6 519.75 524.17 527.59 530.21 527.17 530.31 532.66 534.9 535.59 536.21 535.76 534.24 533.09 533.58 531.08 527.07 527.87 528.45 528.59 530.81 531.62 528.92 530.56 525.77 524.27 525.41 519.47 525.91 526.8
-9999 -9999 -9999 -9999 522.53 516.66 517.65 518.53 518.85 518.77 519.31 519.4 518.84 519.15 517.7 517.42 517.06 516.89 516.73 518.61 518.4 521.7 521.49 518.7 526.36 524.1 525.06 518.24 526.2 520.35 528.34 528.09 531.41 531.36 530.65 531.45 531.33 527.44 527.78 528.24 527.39 531.05 524.8 517.8 516.27 525.44 530.93 531.64 531.43 531.07 531.8 533.88 531 534.55 533.62 524.99 533.21 531.04 519.23 521.38 528.73 528.71 528.39 527.77 527.13 528 525.33 521.97 524 520.14 533.88 534.97
-9999 -9999 -9999 -9999 517.53 519.82 517.36 517.83 518.78 519.05 518.75 516.69 518.83 520.07 518.49 518 517.72 517.15 518.37 518.54 518.27 518.53 520.61 522.04 517.74 525.59 527.51 528.93 529.77 531.33 528.42 530.68 530.68 531.68 531.25 530.6 531.17 526.85 528.41 524.21 530.17 531.54 526.97 518.55 517.26 530.38 529.24 531.13 532.13 532.5 532.58 533.66 527.73 529.52 533.8 532.58 532 528.85 530.66 529.33 528.68 528.59 528.31 527.74 527.21 527 525.34 524.13 521.81 521.52 533.78 527.3
-9999 -9999 -9999 -9999 516.61 516.85 520.54 516.73 520.65 526.25 525.8 533.18 530.54 532.23 522.81 518.61 518.19 517.7 517.82 517.83 518.03 518.51 520.01 523.36 529.47 522.37 521.12 525.4 531.32 531.16 530.94 529.8 529.21 531.05 530.87 531.02 530.68 530.3 525.19 525.77 522.57 530.84 529.6 519.36 521.33 530.79 531.09 522.92 532.63 532.52 533.06 533.58 534.03 533.58 533.42 531.55 527.24 526.51 527.22 529.69 529.56 529.8 528.2 526.44 518.36 526.2 525.35 524.38 520.84 521.89 526.38 519.64
-9999 -9999 -9999 -9999 516.46 515.13 522.37 515.55 520.08 531.65 526.13 534.32 534.63 534.45 528.75 520.66 518.93 518.09 518 517.59 517.71 517.57 518.04 519.25 529.68 520.79 530.29 524.14 530.96 528.57 530.34 527.82 530.6 530.48 530.11 531.36 531.25 530.57 525.94 527.28 529.8 530.45 530.25 529.85 523.29 526.65 531.62 530.72 526.05 531.75 532.84 531.57 532.13 532.9 523.7 524.28 522.58 525.9 526.83 530.63 530.3 530.16 527.15 525.77 525.59 525.4 524.87 521.88 521.05 520.31 521.12 523.73
-9999 -9999 -9999 -9999 516.22 514.49 514.23 515.91 530.28 532.75 535.86 536.51 534.59 530.79 522.12 520.78 520.8 517.95 517.66 517.47 517.68 517.28 521.08 523.1 522.18 520.35 521.75 529.92 517.22 529.8 529.78 527.86 530.91 530.42 518.95 520.78 532.56 532.83 523.71 529.67 529.44 530.09 529.48 526.63 527.25 528.31 524.8 530.08 527.58 533.21 532.99 531.32 519.93 530.46 532.82 527.71 520.89 519.27 519.53 521.48 525.59 530.69 525.28 518.63 525.89 525.42 521.44 518.64 518.48 522.48 522.69 522.98
-9999 -9999 -9999 -9999 517.08 514.82 513.56 520.39 533.8 533.76 535.06 535.7 534.36 520.6 520.48 520.88 520.45 518.73 518 517.72 518.55 517.87 517.46 519.36 520.78 527.63 517.06 521.75 526.26 525.42 529.57 529.59 531.38 530.71 529.92 527.13 529.23 531.7 522.46 529.38 528.01 526.09 521.5 526.9 528.16 529.68 528.45 525.89 523.77 525.54 530.66 531.72 519.46 529.98 530.38 522.53 521.41 526.54 528.24 524.52 530.39 527.66 522.66 526.66 525.53 525.27 523.81 520.41 520.89 522.3 522.48 522.3
-9999 -9999 -9999 -9999 515.82 514.24 514.2 518.33 533.85 533.36 532.13 529.47 530.58 519.3 523.83 520.62 519.3 518.91 518.39 518.16 518.7 518.87 519.82 521.72 523.18 520.64 521.41 522.02 528.12 530.05 530.12 529.23 530.55 530.06 529.85 530.89 518.09 530.36 530.38 530.94 526.78 528.5 527.92 531.25 529.51 524.29 519.09 520.81 517.05 524.7 532.69 533.17 533.26 533.41 530.76 520.21 519.08 524.19 523.31 517.76 529.16 527.97 519.24 523.63 522.4 526.55 520.55 520.75 521.73 520.32 522.44 521.82
-9999 -9999 -9999 -9999 513.66 514.13 515.14 526.07 532.3 530.18 518.58 525.86 522.62 521.06 525.42 526.18 517.92 519.02 518.69 520.43 521.45 521.85 521.13 520.71 522.73 521.9 521.07 526.98 529.52 530.39 528.22 529.89 529.46 521.88 528.49 527.15 519.3 516.94 526.83 524.45 518.46 521.32 526.48 531.73 531.09 517.09 519.71 518.61 522.36 532.99 518.02 519.82 533.79 533.53 529.16 523.89 517.53 517.64 518.38 523.48 525.21 517.9 526.3 517.93 518.41 520.27 520.57 520.7 520.01 521.17 521.48 520.61
-9999 -9999 -9999 -9999 515.77 513.79 514.34 514.58 525.15 522.25 515.59 522.22 519.22 526.23 523.05 516.17 515.72 518.03 518.83 520.17 520.93 521.56 520.79 519.78 519.63 519.94 521.15 527.06 526.49 523.38 523.04 526.83 529.91 520.94 530.97 532.11 524.42 526.65 532.17 530.21 530.39 528.4 526.94 522.49 530.22 522.84 519.04 520.29 517.94 519.56 517.98 517.67 524.83 532.58 531.72 526.64 520.61 521.22 529.59 522.7 520.14 522.19 523.49 518.5 519.8 518.54 520.05 521.34 521.91 522.01 521.29 526.56
-9999 -9999 -9999 -9999 513.77 515.64 514.35 513.87 517.42 521.92 518.2 525.88 523.27 524.21 520.12 523.25 525.95 523.82 516.65 519.27 520.18 520.4 519.82 519.55 520.06 521.38 522.07 524.63 525.45 528.62 526.76 526.81 527.29 529.55 529.25 528.77 530.72 528.67 525.71 532.1 531.24 529.24 525.58 524.83 522.58 528.54 528.46 528.46 518.57 518.26 517.38 528.57 523.51 528.77 534.38 527.46 520.99 519.71 529.52 531.06 531.38 533.98 535.73 534.32 522.26 519.84 519.29 518.99 525.44 525.98 519.39 522.3
-9999 -9999 -9999 -9999 520.39 514.82 517.87 513.93 518.45 525.73 519.89 526.58 525.92 528.04 519.85 527.95 517.52 517.06 516.16 518.28 519.13 519.31 519.3 519.23 519.68 520.75 523.11 523.93 524.45 525 525.87 526.82 525.98 525.35 524 521.9 516.35 519.88 516.26 530.51 531.32 526.8 520.34 524.92 527.43 528.54 526.41 528.52 517.38 517.92 520.39 525.69 518.63 534 533.86 526.92 526.53 523.99 533.03 522.74 524.36 537.51 537.67 533.58 532.9 520.43 520.75 521.55 519.8 518.27 518.32 524.71
-9999 -9999 -9999 -9999 522.72 522.66 515.9 522.22 524.29 519.67 515.68 520.6 528.42 528.65 527.35 522.96 516.8 516.72 516.46 517.57 517.5 518.14 518.85 519.18 519.2 519.73 520.99 518.6 517.55 525.09 525.65 525.86 529.84 520.88 519.96 517.4 516.13 516.28 516.41 524.81 525.88 525.46 520.94 518.93 525.69 528.73 529.39 531.59 529.08 519.03 520.58 521.22 530.27 536.52 541.46 536.02 525 528.06 519.96 532.35 533.94 537.15 536.95 536.16 527.39 518.38 518.29 518.89 521.8 518.51 522.28 524.97
-9999 -9999 -9999 -9999 524.48 523.24 523.77 525.74 522.3 518.71 518.22 523.61 527.07 526.28 518.02 520.88 524.19 517.65 517.07 516.73 516.49 517.54 518.69 518.33 518.84 519.18 519.4 521.57 523.22 524.99 525.37 524.46 525.9 520.09 520.07 536.22 532.2 525.62 533.61 517.06 517.24 520.07 520.34 519.69 517.96 527.28 532.01 532.29 530.17 530.63 524.02 521.1 528.24 535.08 541.66 531.55 539.83 529.17 533.56 531.86 537.17 535.91 535.26 530.24 518.1 518.47 518.26 519.13 519.31 519.34 532.06 530.4
-9999 -9999 -9999 -9999 525.65 526.23 526.15 522.83 513.89 514.07 514.12 525.9 525.34 521.65 514.34 514.71 520.27 516.21 515.49 515.68 515.93 516.07 516.53 517.49 517.92 517.93 517.86 518.37 523.58 516.88 525.52 526.21 526.2 531.11 530.02 536.49 535.77 522.24 531.91 516.56 516.79 516.79 520.55 520.2 520.56 519.6 528.69 532.15 528.74 532.02 532.53 528.48 530.88 532.59 541.81 528.89 540.88 536.01 533.52 536.59 535.59 535.51 534.78 527.78 518.24 518.25 519.8 520.12 521.23 534.13 537.3 533.51
-9999 -9999 -9999 -9999 524.24 523.34 516.83 514.47 514 514.11 517.44 516.86 524.39 520.21 514.54 514.65 515.55 515.61 515.07 515.29 516.16 516.17 516.1 516.69 517.54 517.01 517 517.91 519.28 518.07 521.98 526.11 524.75 516.11 531.3 535.56 534.86 534.69 535.28 531.1 517.56 516.77 517.34 517.6 519.39 525.35 517.27 524.86 531.86 524.81 534.72 533.9 531.94 532.31 542.46 541.5 540.32 538.83 529.48 531.81 531.83 527.93 525.77 518.13 518.28 529.16 526.32 521.67 522.68 529.58 537.31 537.96
-9999 -9999 -9999 -9999 525.97 524.56 518.4 521.51 513.94 514.03 514.21 514.36 514.44 514.61 520.04 514.74 514.79 515.07 515.03 515.35 516.28 516.15 515.82 516.23 516.78 516.79 516.76 517.19 517.2 516.05 518.37 516.37 523.57 516.12 520.15 535.63 535.54 534.77 533.71 523.78 516.64 516.76 518.95 527.56 522.04 523.98 517.33 532.89 532.45 523.25 532.64 532.46 529.85 519.53 543.31 543.43 542.71 539.15 536.95 527.58 527.88 526.59 520.81 520.09 520.05 530.7 529.33 530.79 524.62 535.97 537.99 537.67
-9999 -9999 -9999 -9999 524.87 523.42 524.14 522.61 514.12 514.08 514.11 514.35 514.72 515.13 514.61 514.85 514.62 515 514.91 515.8 515.97 516.07 516.58 516.59 516.38 516.41 516.45 516.46 516.96 517.03 517 516.07 526.86 517.71 524.71 517.29 535.52 535.47 523.5 516.6 516.61 520.42 521 534.56 536.63 526.23 526.9 523.61 525.72 538.18 533.79 538.44 528.94 530.46 543.43 544.04 543.17 545.07 533.64 527.68 527.33 524.8 518.09 521.01 523.01 531.03 530.75 528.94 533.95 538.38 537.37 537.24
