tests/GridSurface/491_929.asc
ncols 124
nrows 1000
xllcorner 491876
yllcorner 929000
cellsize 1
nodata_value -9999
[rows 768 to 799 of 1000, columns 0 to 71 of 124]
-9999 -9999 -9999 -9999 530.25 534.77 533.6 536.28 533.47 532.01 531.86 532.24 531.77 532.12 532.54 532.64 532.47 533.11 532.81 532.4 532.52 532.69 533.03 533.02 533.32 533.42 533.28 532.78 532.78 533.56 533.4 533.42 533.45 533 533.21 533.36 534.33 535.75 538.09 537.09 537.61 538.4 537.97 536.78 537.86 539.4 539.85 535.77 536.66 536.97 545.16 548.03 548.36 547.95 545.46 542.62 542.43 542.06 541.72 538.34 540.72 541.71 542.92 537.53 535.78 536.28 536.09 535.84 535.82 535.13 535.61 536.93
-9999 -9999 -9999 -9999 530.25 530.14 530.24 531.31 532.92 531.16 532.06 532.24 532.11 532.35 532.86 532.95 532.94 533.02 532.89 532.4 532.44 532.62 533.01 532.96 533.16 533.14 533.06 533 532.47 533.29 533.6 533.32 533.04 532.86 533.08 534.79 535.48 537.64 537.56 537.1 537.41 537.97 539.15 539.35 539.43 539.35 536.76 536.43 538.31 537.12 543.37 547 546.37 546.17 546.55 543.08 542.75 541.64 541.81 541.96 540.07 541.24 539 537.25 535.25 536.07 536.32 535.96 537.19 539.27 540.87 540.83
-9999 -9999 -9999 -9999 530.03 530.31 530.42 530.43 530.5 531.06 532.08 532.3 532.06 532.58 532.83 533 533.25 533.14 532.95 532.61 532.41 532.87 533.07 532.88 532.99 533.18 533.11 532.82 532.75 533.35 533.93 532.96 532.89 532.73 533.17 534.26 535.91 538.08 535.85 536.63 537.58 537.83 538.57 539.07 538.41 537.7 535.84 537.78 538.18 537.66 535.27 538.14 539.99 539.1 539.8 543.41 542.97 537.09 540.35 542.26 538.84 541.38 539.3 543.43 535.79 536.88 537.81 536.7 540.11 540.52 541.93 540.84
-9999 -9999 -9999 -9999 530.23 530.49 530.34 530.42 530.66 531.1 531.97 532.06 532.23 532.59 532.65 532.76 533.07 533.05 532.77 532.73 532.69 532.92 533.1 532.89 533.38 533.81 533.28 533.15 533.47 533.44 533.92 533.55 533.26 533.13 533.05 533.89 534.96 536.81 538.38 536.12 533.3 537.77 537.88 538.39 538.63 538.35 538.22 536.89 536.17 536.18 535.12 534.94 534.48 534.77 537.84 536.75 539.32 539.55 534.91 535.16 538.9 536.89 538.18 536.33 535.5 537.15 537.52 536.39 540.72 541.8 541.82 541.33
-9999 -9999 -9999 -9999 530.6 530.71 530.57 530.5 531.21 531.39 532.08 532.34 532.38 532.37 532.34 533.1 533.15 532.92 532.97 533 533.12 532.96 533.34 533.28 533.56 533.61 533.2 533.47 533.63 533.57 533.71 534.02 533.76 533.39 533.55 533.76 534.6 535.74 537.14 538.03 537.55 537.21 537.82 537.97 538.26 537.34 537.74 539.22 540.69 536.63 535.61 543.1 534.37 535.04 537.32 536.79 536.16 535.55 535.22 535.1 536.02 541.25 539.62 535.63 535.95 536.08 537.38 541.33 540.75 541.57 542.32 541.69
-9999 -9999 -9999 -9999 530.63 530.81 530.83 530.95 530.74 531.04 532.38 532.56 532.45 532.46 532.51 532.94 532.92 532.72 532.67 533.1 533.24 533.18 533.29 533.29 533.81 533.58 533.37 533.77 533.93 533.89 534.05 533.92 534.09 534.12 534.11 534.19 534.07 535.32 537.21 535.05 535.49 535.09 533.65 537.02 537.83 537.45 537.79 538.86 542 540.59 542.68 535.46 537.64 539.29 536.66 535.86 537.4 536.09 535.25 534.9 536.01 539.13 535.8 536 536.13 536.41 537.13 538.59 540.66 541.04 541.71 541.85
-9999 -9999 -9999 -9999 530.55 530.52 530.78 530.74 530.81 530.97 532.31 532.59 532.62 532.61 532.53 532.51 532.54 532.62 532.73 532.93 533.1 533.36 533.4 533.44 533.66 533.74 533.42 533.83 534.34 534.21 534.17 533.7 534.47 534.13 534.17 534.22 533.74 533.73 536.8 535.01 535.12 535.98 535.9 536.66 537.28 537.27 536.24 537.68 541.56 543.69 543.59 539.99 540.32 539.96 538.23 537.52 537.12 535.77 536.33 537.1 537.18 537.16 537.69 537.62 536.99 538.01 537.44 537.76 538.51 537.66 540.06 543.9
-9999 -9999 -9999 -9999 530.5 530.69 530.74 530.78 530.91 530.92 532.23 532.6 532.64 532.13 532.57 532.47 532.59 532.63 533.04 533.07 533.09 533.21 533.25 533.2 533.34 533.43 533.26 533.74 533.85 534.06 534.93 537.07 536.04 534.9 535 534.71 533.94 534.09 534.66 534.86 534.86 535.3 536.88 539.75 538.52 543.06 540.45 537.22 542.95 543.05 542.95 543.05 543.35 540.7 543.19 537.55 536.16 535.53 536.25 537.25 537.29 537.15 538.18 538.5 537.78 538.76 539.1 537.8 537.52 537.88 543.92 543.72
-9999 -9999 -9999 -9999 530.64 530.69 530.87 531.03 530.99 531.47 532.52 532.63 532.88 532.62 532.58 532.47 532.93 532.88 533.24 533.31 533.23 533.26 533.27 533.43 533.63 533.66 533.5 533.56 533.66 533.53 536.3 536.73 536.11 535.35 535.85 536.17 534.39 534.36 534.47 534.77 535.33 534.37 535.62 536.31 537.07 537.3 542.57 539.01 536.03 542.96 542.75 541.15 543.16 543.86 540.47 540.47 540.63 537.39 536.31 536.77 537.57 538.58 538.55 538.53 537.51 538.45 538.56 536.9 536.95 538.29 544.89 547.95
-9999 -9999 -9999 -9999 530.65 530.97 531.14 530.99 530.97 531.9 532.34 532.62 532.66 532.9 532.96 532.99 533.16 533.19 533.32 533.25 533.18 533.43 533.49 533.66 533.7 533.74 533.68 533.92 533.67 533.62 536.57 535.07 535.13 536.43 536.84 535.94 534.73 534.36 534.73 534.64 534.53 534.61 535.22 535.85 538.94 543.6 543.5 543 540.56 542.9 542.04 541.45 540.89 543.6 538.4 544.04 535.6 535.8 536.27 537.85 539.54 539.6 538.73 537.99 538.74 538.39 538.15 537.83 537.47 543.94 547.71 548.53
-9999 -9999 -9999 -9999 530.81 531.04 531.5 531.71 531.11 531.8 533.46 532.91 532.78 533.07 532.81 533.01 533.26 533 532.96 532.98 533.21 533.53 533.49 533.53 533.8 533.74 533.57 535.95 536.83 536.67 535.28 534.67 534.44 535.8 536.34 535.94 534.82 533.93 533.98 534.09 534.39 534.66 535.03 535.97 540.34 537.71 543.42 541.11 542.86 540.9 541.55 538.83 538.22 543.47 545.86 550.03 539.75 536.32 536.8 537.31 537.66 539.19 540.33 538.92 538.56 538.21 538.53 538.54 536.82 543.58 546.65 548.9
-9999 -9999 -9999 -9999 530.74 531.07 532.12 531.41 531.34 532.18 533.68 533.71 533.17 533 532.98 532.65 532.95 532.8 532.9 533.11 533.34 533.55 533.47 533.22 533.06 533.58 533.47 535.38 537.53 533.54 537.3 536.18 536.72 535.83 535.15 534.76 534.7 534.02 534.27 534.18 534.32 534.35 534.75 535.12 536.69 535.82 543.51 542.35 544.86 544.02 540.4 542.93 542.33 546.69 549.29 549.92 553.69 550.59 539.97 540.99 537.54 539.23 540.7 540.33 538.63 538.34 538.73 539.43 540.16 545.81 547.13 548.88
-9999 -9999 -9999 -9999 530.62 531.11 531.18 531.3 531.68 531.87 533.57 533.64 533.04 533.06 533.37 532.98 533.35 533.57 533.19 533.37 533.29 533.43 533.12 533.58 533.09 533.73 535.87 537.51 538.34 539.04 539 538.08 538.46 535.07 534.05 534.48 534.63 534.87 534.83 534.46 533.85 534.08 534.3 536.6 547.68 548.94 544.77 539.06 547.99 543.36 541.58 542.28 541.68 549.3 554.02 554.48 554.24 551.4 550.13 543.32 540.64 540.79 541.32 540.58 541.5 538.84 538.71 539.96 538.93 541.91 546.32 547.76
-9999 -9999 -9999 -9999 530.69 530.91 531.1 531.32 531.68 532.84 532.95 533.23 532.78 532.68 533.07 533.29 533.51 533.72 533.44 533.36 533.37 533.24 533.29 533.88 533.76 533.32 533.43 535.81 538.51 538.56 538.75 538.75 537.61 534.33 533.9 533.88 534.67 534.98 534.87 534.58 534.03 534.25 535.25 535.56 538.34 548.9 548.51 551.51 542.84 549.9 548.18 542.3 545.16 543.2 554.57 554.65 554.68 553.93 549.49 542.88 538.97 540.84 542.4 540.66 541.56 538.72 538.52 539.21 540.24 540.47 541.91 543.78
-9999 -9999 -9999 -9999 530.64 530.78 531.28 531.8 532.02 532.77 532.97 533.09 533.02 533.22 532.81 533.06 533.48 533.88 533.7 533.63 533.61 532.67 533.39 533.88 533.66 533.29 533.45 534.56 537.63 538.45 538.15 538.45 537.65 536.35 534.62 534.37 534.58 534.65 534.33 534.52 535.23 534.99 542.49 548.71 536.25 540.68 550.76 549.77 549.52 544.48 543.58 550.62 551.32 548.87 553.53 554.47 553.68 551.32 545.21 537.62 536.93 540.55 539.02 540.28 539.62 540.63 537.4 537.97 539.98 540.54 540.18 543.16
-9999 -9999 -9999 -9999 530.51 530.8 533.25 539.58 539.59 542.85 542.94 534.34 533.33 533.44 533.43 533.25 533.48 534.29 533.63 533.03 533.21 533.67 533.96 533.82 533.65 533.36 533.33 533.55 536.31 538.11 536.41 537.57 536.03 536.79 536.71 535.72 534.52 534.33 534.73 534.66 535.01 535.91 534.89 546.2 546.16 547.91 552.45 551.82 549.36 549.88 552.24 548.48 553.75 552.34 553.42 552.9 552.2 545.69 537.5 535.94 536.07 536.72 538.83 540.3 536.47 537.37 537.48 537.23 536.93 539.17 538.88 540.62
-9999 -9999 -9999 -9999 530.6 530.86 531.48 537.06 543.89 544.11 543.95 540.28 533.27 533.34 533.64 533.75 533.78 534.01 534.4 533.55 533.6 533.77 534.1 533.73 533.11 533.17 533.12 533.15 533.49 535.48 534.49 536.08 534.84 535.16 536.83 535.75 534.65 534.39 534.87 534.96 534.93 534.84 537.92 546 535.84 551.28 551.88 550.92 550.91 552.11 552.36 553.71 553.58 553.52 554.19 551.58 544.26 537.64 536.84 535.99 536.41 536.6 536.63 536.75 537.1 537.39 537.34 536.99 536.47 536.53 539.88 537.8
-9999 -9999 -9999 -9999 530.86 531.25 532.77 539.27 544.3 543.99 543.89 542.34 533.42 533.19 533.38 533.34 533.63 533.82 534.07 534.05 533.8 533.9 534.02 533.82 533.3 533.17 533.36 532.98 533.12 533.24 533.87 534.16 534.48 547.15 550.71 542.85 534.35 534.18 534.63 534.99 535.13 535.26 545.95 549.34 549.09 549.78 549.79 551.43 548.92 548.43 551.15 552.48 554.27 554.1 553.58 551.67 540.27 536.96 536.75 536.17 536.38 536.54 536.82 537.96 539.32 537.8 537.17 537.49 537.94 538.62 536.96 540.03
-9999 -9999 -9999 -9999 530.74 531.19 531.82 542.6 543.59 543.58 542.9 535.48 533.05 533.16 533.2 533.13 533.66 533.85 534 534.11 533.91 533.69 533.85 534.14 533.55 533.7 533.44 533.25 533.43 534.35 534.37 534 546.74 550.7 551.23 550.86 534.09 534.11 534.18 538.39 540.79 541.71 548.82 548.78 549.56 551.02 548.65 549.7 544.26 542.06 551.7 549.07 553.41 552.29 552.46 548.81 537.09 536.06 536.29 536.55 536.34 536.56 540.94 539.86 539.5 541.88 539.12 538.91 536.83 538.71 536.51 537.69
-9999 -9999 -9999 -9999 530.78 531.01 531.19 532.15 541.82 544.56 540.53 532.91 533.19 533.38 533.26 533.24 533.69 533.94 533.91 533.44 533.84 533.84 533.77 534.19 534.1 534.06 534.09 534.03 534.24 534.73 534.49 539.91 542.63 543.59 551.47 551.4 547.83 538.77 534.66 542.26 547.8 550.26 548.09 547.64 548.77 549.15 544.22 536.35 535.55 535.76 535.79 551.61 545.48 538.55 548.52 540.98 534.77 535.12 535.68 535.88 536.29 537 541.01 540.85 541.77 540.14 538.01 538.6 538.79 537.59 536.62 537.09
-9999 -9999 -9999 -9999 530.86 531.31 531.79 536.57 536.62 546.47 544.99 539.52 532.95 533.48 533.51 533.19 533.52 533.67 534.1 533.82 533.85 533.99 534.34 534.31 534.36 534.2 534.02 534.4 534.7 534.46 534.59 553.96 543.35 552.19 551.75 551.94 539.75 541.72 534.25 536.16 549.66 550.37 549.6 550.85 548.67 546.61 543.46 539.99 535.04 535.58 535.6 542.75 541.83 535.6 540.41 535.26 536.04 535.92 534.95 535.56 537.01 539.07 540.52 540.78 537.36 540.6 538.29 537.98 537.84 536.87 537.12 537.74
-9999 -9999 -9999 -9999 530.89 531.62 531.56 534.77 539.49 546.13 547.54 546.03 532.77 533.59 534.3 533.54 533.81 533.98 534.14 533.98 533.77 533.94 534.19 534.21 534.19 534.3 534.17 534.39 534.73 534.93 543.59 554.95 555.91 553.43 554.12 550.32 548.96 536.28 534.06 549.04 549.45 550.39 550.31 550.78 546.28 539.06 535.19 535.38 535.62 535.7 535.22 535.58 535.44 535.36 536.57 536.52 536.69 536.93 535.55 536.69 538.7 539.63 540.15 540.04 539.58 539.46 537.27 536.83 537.52 537.28 537.19 537.58
-9999 -9999 -9999 -9999 531.23 531.73 531.72 541.64 547.15 547.39 547.17 546.73 540.92 533.21 533.44 533.55 533.72 533.94 533.74 533.47 533.88 533.73 534 534.03 533.96 534.23 534.16 534.21 534.74 534.49 549.14 555.61 555.57 555.47 554.53 551.94 549.57 546.54 535.82 541.89 549.34 550.09 549.44 550.54 549.66 534.77 535.45 535.69 535.81 535.84 535.26 539.3 537 536.44 538.66 537.54 536.42 536.53 536.03 536.79 538.98 539.25 539.47 539.77 539.74 539.08 537.57 537.3 537.43 537.56 537.57 537.89
-9999 -9999 -9999 -9999 532.72 532.58 538.44 544.51 546.52 547.44 546.63 547.42 540.65 533.12 533.38 533.43 533.43 533.68 533.5 533.42 533.58 533.75 533.94 533.91 534.04 534 534.34 534.39 539.47 550.54 534.39 550.72 555.2 555.64 554.45 551.57 548.14 544.03 536.33 535.93 540.48 545.98 539.17 549.16 543.76 534.95 535.28 535.92 536.21 536.26 535.96 538.49 536.45 535.23 539.12 537.74 538.59 537.81 537.64 538.05 538.04 539.46 540.67 540.47 539.76 546.99 538.24 537.61 539.05 539.42 537.87 537.48
-9999 -9999 -9999 -9999 532.33 532.85 532.81 535.2 546.45 546.16 546.63 545.38 533.89 532.9 533.86 533.44 533.44 533.41 533.53 533.54 533.69 536.04 533.89 534.08 534.39 534.64 534.66 535 550.97 553.74 553.97 555.82 555.56 555.3 555.23 552.09 549.43 536.14 536.39 536.13 535.9 535.34 540.09 534.48 534.81 534.94 535.18 535.93 536.97 537.66 537.83 539.34 539.68 539.71 539.4 538.02 539.05 538.47 538.58 537.95 536.28 540.31 541.44 540.84 536.18 536.03 537.1 538 539.45 539.07 538.62 538.4
-9999 -9999 -9999 -9999 532.93 532.61 536.14 545.05 546.14 545.59 546.15 543.9 533.48 533.2 534 533.85 533.58 533.35 533.64 534.07 535.38 535.93 533.98 535.26 534.23 536.66 536.65 535.15 534.8 552.62 555.26 555.06 556.42 555.72 554.05 550.87 548.1 541.02 536.7 536.08 536.67 535.32 535.23 535.29 535.22 535.55 536.1 536.44 536.57 539.14 539.37 539.54 539.65 539.95 539.3 538.58 538.55 536.71 536.45 536.37 536.52 541.19 543.03 541.22 539.44 537.45 537.07 538.14 539.45 539.45 539.13 538.74
-9999 -9999 -9999 -9999 533.07 535.28 544.16 546.5 546.71 546.12 546.82 536.58 541.52 533.84 533.8 534.12 533.9 534.12 534.02 534.92 534.92 536.09 535.35 536.48 533.91 535.83 536.29 535.82 534.73 547.01 549.29 552.77 553.1 553.74 553.31 546.29 542.35 539.29 536.05 536.14 536.33 539.46 535.57 536.48 535.97 536.34 536.69 535.96 535.34 538.08 539.36 539.23 539.78 539.74 539.05 538.44 538.77 537.05 536.42 536.51 536.82 539.33 542.1 539.33 539.63 538.72 537.77 538.37 538.87 536.25 540.07 537.78
-9999 -9999 -9999 -9999 533.28 539.52 544.6 546.69 547.63 547.49 546.04 541.98 537.45 534.12 533.93 534.19 534.05 535.29 535.37 534.46 535.26 535.58 535.17 534.77 536.06 536.17 536.17 536.18 535.07 539.32 550.14 547.27 552.53 549.16 551.34 542.31 535.69 535.86 536.85 536.3 537.34 539.17 536.68 536.78 536.06 539.83 538.06 536.04 539.38 541.48 539.41 539.8 539.4 539.12 539.11 538.42 539.42 539.82 537.17 536.54 536.88 538.25 540.64 540.68 540.34 540.12 539.43 538.59 538.62 538.64 542.59 537.7
-9999 -9999 -9999 -9999 532.83 533.01 541.56 544.99 547.67 547.62 546.51 546.16 542.39 547.4 542.97 540.76 534.33 535.84 535.58 535.17 534.9 534.51 534.24 534.02 534.4 537.13 537 536.05 538.32 543.33 538.04 552.17 549.61 551.76 551.51 535.74 536.94 536.19 538.56 541.66 541.56 539.79 538.88 536.15 537.93 538.48 541.26 537.46 538.78 541.61 539.24 539.4 540.12 539.2 539.44 539.39 537.67 538.44 536.65 536.66 536.62 537.96 539.54 540.38 538.78 536.8 536.66 537.85 541.98 542.96 543.08 538.92
-9999 -9999 -9999 -9999 532.71 532.8 540.93 546.69 547.27 545.24 541.74 547.51 534.48 549.5 549.48 549.52 547.07 536.28 535.5 535.27 535.23 534.7 534.3 533.59 533.9 535.85 541.9 541.63 546.71 545.05 543.73 551.17 552.83 553.48 551.04 547.23 540.42 538.23 537.99 549.99 554.79 554.25 553.01 545.36 538.3 540.35 541.34 542.02 541.93 542.57 538.77 539.63 541.1 538.18 538.54 538.85 538.84 538.86 536.35 536.53 536.77 538.18 538.6 540.63 537.95 536.71 537.76 540.51 549.37 549.16 550.15 544.77
-9999 -9999 -9999 -9999 534.93 535.71 541.03 546.31 546.02 544.19 535.29 543.26 541.84 549.16 549.51 551.08 548.65 547.66 537.92 535.37 535.36 535.19 535.11 534.51 533.35 536.67 537.54 542.48 546.1 545.47 539.59 553.12 552.72 552.8 552.05 551.57 551.09 541.16 535.1 553.67 554.74 554.73 551.12 543.29 538.55 538.41 539.21 541.15 540.68 539.1 536.54 541.88 539.97 540.43 537.48 538.46 539.66 540.07 538.83 536.13 536.75 539.01 540.95 539.99 537.29 537.23 548.09 547.85 549.48 550 549.49 547.69
-9999 -9999 -9999 -9999 533.18 543.51 547.32 545.87 546.2 545.95 548.73 549.28 550.63 537.62 548.19 550.5 549.61 544.91 538.49 535.25 535.38 535.35 535.04 534.78 534.21 535.88 538.66 544.72 545.56 549.08 546.71 551.87 553.38 553.04 552.6 550.57 544.91 534.58 534.92 553.84 555.02 555.14 554.69 541.44 539 539.71 540.39 539.5 540.34 541.95 542.97 541.56 541.49 541.03 541.41 537.09 539.26 539.81 537.84 536.7 537.42 539.76 539.77 539.57 537.3 537.19 543.14 547.98 550.22 549.9 550.13 549.45
