tests/GridSurface/491_928.asc
ncols 118
nrows 1000
xllcorner 491882
yllcorner 928000
cellsize 1
nodata_value -9999
[rows 672 to 703 of 1000, columns 0 to 71 of 118]
-9999 -9999 -9999 526.21 526.09 525.71 525.54 525.44 525.19 525.2 525.24 525.26 525.28 525.95 526.46 525.95 525.57 525.6 525.68 525.62 525.46 526.01 526.72 527.2 527.27 527.41 527.25 527.31 527.54 527.55 527.45 527.21 527.04 526.99 527.08 527.15 527.28 527.39 527.24 527.48 527.4 527.39 527.31 526.92 527.01 526.12 525.35 526.59 525.95 525.3 525.76 526.11 525.3 524.95 525.11 525.3 525.1 525.24 525.27 525.66 525.92 525.53 525.57 525.49 525.09 525.36 525.98 526.04 525.5 524.95 525.13 524.87
-9999 -9999 -9999 526.45 525.97 525.87 525.92 526.14 525.57 525.34 525.23 525.27 525.79 526.54 526.84 526.54 526.54 526.22 526.01 526.11 526.48 526.68 526.75 526.82 527.09 527.12 527.21 527.12 527.55 527.64 527.57 527.15 526.96 527.09 527.18 527.11 527 527.23 526.89 526.84 527.23 527.15 526.88 526.87 527.27 527.49 526.28 526.27 526.22 525.17 524.94 525.73 525.06 525.02 525.07 525.07 525.07 524.68 525.16 525.47 525.56 525.38 525.09 525.15 524.77 524.74 525.02 525.8 525 524.89 525.06 524.88
-9999 -9999 -9999 526.24 526.16 525.78 525.88 525.9 526.04 526.37 525.86 525.62 526.34 526.76 526.69 526.64 526.51 526.43 526.6 526.39 526.71 526.95 526.73 526.88 527.05 527 526.92 526.99 527.24 527.4 527.44 527.22 526.92 527.16 527.35 526.92 526.29 526.91 526.86 526.78 527.06 527.14 526.8 526.81 527.15 526.56 526.27 525.93 525.77 525.38 526.79 526.75 525.59 525.53 525.6 525.27 525.1 524.66 524.92 525.53 525.58 526.25 525.92 525.06 525.03 525.09 525.19 525.8 525.97 525.51 525.38 525.04
-9999 -9999 -9999 525.56 525.98 525.13 525.34 525.69 525.56 526.42 526.45 526.16 526.32 526.54 526.64 526.21 526.19 526.42 526.56 526.38 526.88 526.77 526.52 526.83 526.91 526.98 526.97 526.95 527.01 527.03 527.12 527 527.12 526.92 527.16 526.74 526.3 526.69 526.92 526.88 526.81 527.02 526.89 526.71 526.26 526.21 526.1 525.93 525.63 525.76 526.72 526.54 524.49 525.58 525.13 524.84 524.86 525.02 525.55 525.36 524.9 525.38 525.78 525.6 524.55 525.14 525.44 525.37 525.45 525.55 525.72 525.77
-9999 -9999 -9999 525.56 525.57 525.44 525.56 524.9 525.01 525.59 526.2 526.31 526.21 526.03 526.52 526.37 526.26 526.31 526.21 526.38 526.74 526.67 526.73 526.88 526.92 526.96 527.04 527.04 526.95 526.89 526.96 526.73 526.41 526.45 526.64 526.52 526.49 526.61 526.73 526.59 526.67 526.83 526.84 526.74 526.38 526.01 526.41 526.45 525.7 525.68 525.68 525.5 525.51 525.32 524.63 524.22 525.09 524.85 525.37 525.43 524.62 524.41 524.48 524.22 524.42 524.5 524.85 525.39 525.48 525.72 525.72 525.29
-9999 -9999 -9999 525.98 525.42 525.14 525.5 525.26 525.03 525.08 525.92 526.48 526.19 526.08 526.28 526.52 526.58 526.47 526.29 527.09 526.91 526.71 526.72 527.06 526.98 526.77 526.94 526.98 527.19 526.78 526.64 526.59 526.37 526.5 526.31 526.25 526.39 526.73 526.76 526.48 526.28 526.27 526.65 526.53 526.28 526.4 527.13 526.46 525.63 525.12 525.54 525.2 525.4 525.16 524.52 523.77 524.53 524.85 525.17 524.97 524.48 524.21 523.82 524.11 524.42 524.39 523.74 523.67 523.89 525.14 525.17 525.25
-9999 -9999 -9999 525.59 525.3 525.12 525.45 525.48 525.37 525.13 525.85 526.36 526.19 526.21 526.42 526.53 526.91 526.66 526.37 526.75 526.84 526.71 526.91 526.8 526.79 526.63 526.87 526.92 526.69 526.4 526.43 526.26 526.3 526.22 526.17 526.39 526.48 526.54 527.44 526.49 525.78 525.79 525.86 526.04 525.94 526.35 526.36 525.2 525.34 525.32 525.29 525.24 525.31 525.22 524.7 524.21 524.26 524.44 524.52 524.27 524.09 524.44 523.65 523.58 523.9 524.17 523.35 523.39 523.62 524.25 525.47 525.76
-9999 -9999 -9999 525.26 525.16 525 524.65 525.03 525.18 525.13 525.68 526.1 526.05 526.34 526.2 526.44 526.63 526.62 526.67 526.45 526.44 526.87 526.62 526.33 526.35 526.66 526.7 526.8 526.86 526.74 526.6 526.08 526.06 526.05 525.99 525.91 525.4 525.92 527.02 525.62 525.6 525.45 525.64 526.01 525.69 525.4 525.05 525.03 525.08 525.11 525.42 525.31 525.35 525.29 525.24 524.6 523.49 524.38 524.42 525.07 524.51 523.9 523.6 523.82 524.49 524.36 523.29 523.42 523.61 522.97 523.5 525.42
-9999 -9999 -9999 525.14 525.04 525.35 524.72 524.44 524.66 525.09 525.54 526.22 525.89 526.01 525.96 526.28 526.34 526.53 526.61 526.66 526.41 526.56 526.53 526.48 526.6 526.15 526.23 526.24 526.33 526.25 525.84 525.9 526.17 526.01 525.82 525.6 525.87 525.96 528.48 526.67 525.72 525.54 526.07 525.75 525.56 525.12 525.15 526.54 525.25 524.89 525.13 525.27 525.34 525.23 524.96 524.83 524.45 524.27 524.85 525.07 523.99 523.8 523.84 523.79 523.31 523.04 523.14 523.4 523.33 523.21 523.1 523.37
-9999 -9999 -9999 525.04 525.04 524.69 524.36 524.58 525.19 525.43 525.7 525.94 525.79 526.62 526.01 526.17 526.24 526.3 526.34 526.37 526.51 526.28 526.23 526.28 526.32 526.13 526.08 526.08 525.98 526.27 525.69 525.94 526.19 525.7 525.44 525.69 525.93 526.06 528.13 527.01 525.58 525.41 525.65 525.48 524.87 525.87 526.6 527.92 525.9 524.86 525.01 525.07 525.11 524.93 524.32 524.67 523.69 523.88 524.47 524.26 523.84 523.69 523.84 523.59 523.57 523.81 523.15 523.16 523.36 523.15 522.93 522.7
-9999 -9999 -9999 525.19 524.91 524.5 524.27 524.38 525.48 525.69 525.43 525.32 526.64 525.59 527.22 526.08 526.01 526.08 526.33 526.3 526.34 526.29 525.98 525.95 526.22 526.13 525.96 526.26 526.61 525.92 525.93 526.63 526.61 525.56 525.37 525.67 526.16 526.79 526.95 525.98 525.4 525.32 525.06 524.65 524.32 526.1 527.85 527.74 528.35 526.1 524.76 524.63 524.82 524.4 524.62 524.82 523.8 523.06 524.3 523.17 523.73 523.93 524.31 523.67 523.84 524.04 523.58 524.02 523.48 522.85 522.93 522.88
-9999 -9999 -9999 525.27 525.05 524.6 524.21 524.66 525.66 525.79 525.58 525.11 525.26 525.52 527.35 525.79 525.68 525.99 526.36 526.58 526.23 525.93 525.84 525.95 525.97 525.88 526.16 526.38 527.33 526.5 526.06 526.96 525.62 525.43 525.29 525.13 525.85 526.42 526.39 527.23 525.37 530.22 524.78 524.81 525.13 525.94 527.57 528.01 527.85 525.35 525.19 524.52 524.76 524.63 524.93 524.7 524.26 523.83 523.83 523.98 524.21 524.55 524.25 524.15 524.63 524.73 525.42 524.11 523.36 522.8 523.57 523.15
-9999 -9999 -9999 525.38 525.1 524.87 524.52 524.99 525.17 525.43 525.4 525.46 525.26 525.2 525.21 525.73 525.79 525.85 526.43 526.59 526.39 525.89 526.01 526.05 525.91 525.92 526.13 526.41 526.32 525.78 525.7 525.43 524.85 524.94 524.87 524.82 525.44 525.75 526.01 526.17 525.71 528.12 525.17 524.94 525.72 524.51 526.19 524.85 527.82 527.5 525.07 524.75 524.5 524.77 525.33 525.1 524.7 523.53 523.02 523.23 523.76 524.25 524.09 524.17 523.15 524.47 524.16 523.33 522.66 522.35 523.29 523.12
-9999 -9999 -9999 -9999 524.94 524.77 524.58 525.3 525.56 525.43 525.18 525.28 525.58 525.16 526.78 526.1 525.98 526.01 526.34 526.6 526.59 526.35 527.71 525.78 525.78 525.72 525.84 526.04 525.82 525.22 525.27 525.11 524.8 524.6 524.88 524.98 525.18 525.19 525.43 525.97 525.29 525.39 525.34 525.08 524.94 527.61 528.18 527.92 528.13 527.18 525.79 524.33 524.41 524.94 524.76 524.24 524.54 524.24 522.98 523.53 523.76 523.89 524.58 524.04 523.53 523.67 523.09 522.69 522.62 523.35 523.03 522.67
-9999 -9999 -9999 -9999 523.95 524.42 524.96 525.37 525.45 525.63 525.19 525.17 525.55 525.65 525.92 526.02 526.07 525.95 526.29 528.09 526.73 526.89 526.69 525.89 525.74 525.51 525.55 525.65 525.46 525.18 525.16 525.21 525.09 524.84 524.93 524.77 524.82 524.81 525.07 525.8 526.17 525.81 525.42 525.02 525.73 527.8 527.9 527.85 528.01 526.69 526.78 524.2 524.97 525 524.35 524.07 523.9 523.2 523.04 523.44 523.21 523.42 523.75 523.71 523.38 523.27 523.17 522.39 523.71 524.9 523.13 522.51
-9999 -9999 -9999 -9999 524.04 524.44 525.42 525.5 525.34 525.32 525.31 525.48 525.28 525.63 525.96 525.93 525.57 525.87 525.94 527.92 527.99 526.14 525.92 525.66 525.71 525.19 525.08 525.26 525.14 525.27 525.1 524.88 524.84 524.67 525.01 524.82 524.61 526.16 524.9 525.37 526.26 524.94 524.64 524.83 525.3 526.46 527.56 528.34 527.9 524.05 524.18 524.2 524.77 524.61 524.78 524.05 523.77 523.55 523.23 522.97 522.41 523.3 523.32 523.22 523.42 522.77 522.49 522.33 524.86 525.07 523.72 522.57
-9999 -9999 -9999 -9999 524.1 524.56 525.55 525.75 525.46 525 525.2 525.25 526.06 525.59 526.19 525.65 525.64 525.77 525.76 525.72 526.52 525.7 525.75 525.32 525.35 525.18 525.06 524.66 524.81 524.84 524.56 524.49 524.38 524.52 525.53 525.61 524.34 525.64 525.58 525.88 524.61 524.5 524.54 524.48 524.71 524.57 525.64 526.1 523.62 523.96 524.23 524.55 524.89 524.77 524.47 523.76 523.73 523.56 523.24 523.1 523.28 523.2 523.49 523.11 522.8 523.12 522.81 522.58 522.81 523.46 523.91 522.79
-9999 -9999 -9999 -9999 524.38 524.79 525.19 525.39 525.3 524.37 524.75 525.77 527.67 528.33 527.05 525.39 525.57 525.62 525.5 525.29 525.43 525.55 526.62 527.18 525.27 525.88 525.32 524.39 524.66 524.77 524.49 524.28 524.33 524.68 524.2 527.32 526.05 524.3 526.24 525.89 524.81 524.42 524.59 524.48 524.36 524.6 524.35 524.01 523.71 523.79 523.89 524.34 524.63 524.36 524.08 523.69 523.38 523.72 524.1 524.43 523.99 523.61 522.89 523.19 523.02 523.92 523.88 522.9 522.5 522.41 522.44 522.4
-9999 -9999 -9999 -9999 524.86 524.88 524.88 525.12 524.79 524.46 524.63 524.98 525.49 526.99 526.53 524.79 524.97 525.24 525.36 525.15 525.06 525.06 525.44 525.57 525.62 525.26 525.43 524.24 525.09 525.11 524.33 524.32 524.94 525.89 525.3 526.9 525.4 526.03 525.43 525.5 523.69 523.9 524.22 524.16 524.33 525.93 524.55 523.92 524.05 524.23 524.02 523.97 524.69 524.57 523.9 524.63 524.6 523.51 523.51 523.79 523.53 523.05 523.84 523.23 523.14 523.32 523.83 523.72 523.01 522.28 522.33 522.1
-9999 -9999 -9999 -9999 524.59 524.8 524.9 524.7 524.59 524.96 524.89 525.14 525.58 525.74 525.83 525.63 525.03 525.13 525.1 525.08 525.71 524.88 524.49 524.5 526.13 525.47 525.07 524.97 525.93 525.69 524.49 524.27 524.84 525.59 524.42 525.19 525.15 524.72 523.95 523.83 523.78 523.89 524.08 524.09 523.94 524.06 524.75 524.14 524.4 524.09 523.71 523.93 524.03 524.13 524.11 524.06 523.52 523.53 523.59 523.32 523.35 523.59 523.42 523.16 523.15 522.27 523.26 522.94 522.63 523.29 522.41 522.51
-9999 -9999 -9999 -9999 524.26 524.5 524.5 524.43 524.78 525.31 525.46 525.43 525.62 525.32 525.2 525.49 525.16 525.38 525.26 524.98 525.94 524.49 524.23 524.12 524.97 524.9 525 525.81 525.85 525.56 524.4 524 524.03 524.07 524.35 525.46 525.81 524.28 523.87 523.94 523.96 523.92 523.86 523.69 523.64 523.18 523.65 523.6 523.99 524.06 523.84 524 523.98 523.89 523.93 525.31 524.55 524.21 523.68 523.85 524.03 523.63 522.7 522.66 523.25 522.73 522.98 522.88 523.81 523.75 522.45 521.68
-9999 -9999 -9999 -9999 524.4 524.35 524.4 524.39 524.87 525.18 525.18 525.43 525.37 525.19 525.21 525.18 524.97 525.16 525.36 525.81 524.64 524.4 524.44 524.3 525.58 526.69 524.68 525.08 525.69 526.09 525.14 524.42 524.07 524.07 524.14 525.93 525.09 524.09 523.98 523.95 524 524.04 523.98 523.63 523.42 523.48 523.54 524 524.03 523.93 524.04 523.43 523.53 524 523.98 523.9 524.02 523.51 523.5 523.56 524.18 523.35 522.11 522.97 523.39 523.69 523.34 523.49 523.6 523.64 522.29 521.6
-9999 -9999 -9999 -9999 524.5 524.56 524.61 524.71 524.94 524.87 524.69 524.82 524.86 525.04 525.04 524.92 524.95 525.09 525.36 526.31 525.35 523.94 523.77 524.11 524.21 524.74 524.1 524.32 524.65 524.68 524.18 523.89 523.92 523.98 524.9 525.93 524 523.96 523.95 523.8 524.29 524.14 523.53 523.53 523.5 523.33 523.33 523.34 523.46 523.59 523.68 523.86 524.02 524.11 524.26 524.43 524.17 523.44 523.54 523.69 523.66 523.22 521.87 522.39 523.46 523.47 523.06 523.31 524.56 523.67 523.42 523.89
-9999 -9999 -9999 -9999 524.35 524.61 525.21 525.04 525.02 524.92 524.65 524.5 524.79 524.71 524.87 524.89 524.92 525.17 525.25 524.64 524.81 523.92 523.87 524.15 524.03 523.9 523.95 523.96 523.8 523.85 523.96 524.08 525.43 524.71 523.62 524.05 524.02 524.04 523.92 524 524.29 524.51 523.41 523.57 523.49 523.37 523.07 523.22 523.27 523.22 523.09 523.31 523.95 524.22 524.24 523.47 523.71 524.75 523.77 523.53 523.72 524.46 523.93 523.83 523.65 523.4 523.42 523.57 524.19 523.54 523.53 523
-9999 -9999 -9999 -9999 524.38 524.53 524.95 525.49 525.32 524.73 524.22 524.37 524.39 524.39 524.59 524.68 524.66 524.78 524.4 524.82 525.8 523.9 523.93 523.9 524.03 524.02 523.96 524.1 524.21 523.81 523.76 524.06 525.02 525.49 524.37 524.22 523.69 523.48 523.61 523.7 523.76 523.63 523.39 523.51 523.36 523.13 522.92 523.09 523.33 523.54 523.4 523.91 523.99 524.09 523.84 523.48 524.52 524.49 524.33 523.14 523.34 524.17 523.8 523.94 523.56 523.01 523.38 523.02 523.88 525.06 523.42 522.97
-9999 -9999 -9999 -9999 524.07 523.69 524.6 525.21 525.21 524.48 524.18 524.56 524.69 524.28 524.35 524.29 524.18 524.27 523.8 523.62 523.89 524.11 523.79 523.57 524.56 524.07 524.07 524.26 524.22 524.23 524.04 523.91 523.84 523.55 523.52 523.38 522.54 522.77 523.26 523.55 523.43 523.36 523.31 523.08 523.26 522.94 522.98 525.01 523.13 523.12 523.22 524.05 524.22 524.18 524.22 523.09 523.12 522.98 522.97 522.83 522.92 523.05 523.29 523.81 523.76 523.3 522.81 521.61 522.86 523.56 522.21 523.06
-9999 -9999 -9999 -9999 523.86 523.76 524.04 524.2 524.17 524.2 524.57 524.78 524.69 524.13 523.98 523.85 523.95 524.06 523.88 523.6 523.73 523.86 523.75 523.42 523.31 523.4 523.78 524.43 524.27 524.1 523.93 523.36 523.36 525.81 523.57 522.84 522.47 522.78 523.46 523.3 523.23 523.14 522.73 522.77 523.17 523.04 523.19 523.13 523.31 522.73 522.86 524.28 524.31 524.4 523.9 523.12 523.22 523.65 523.59 523.66 522.81 522.78 522.5 523.32 523.34 523.26 523.22 522.4 522.03 523.38 523.33 524.71
-9999 -9999 -9999 -9999 523.68 523.64 523.84 524.23 524.01 524.13 524.79 524.55 524.11 524.21 523.95 523.76 523.8 524.03 523.96 523.6 523.51 523.72 523.79 523.86 523.51 523.2 523.55 524.23 524.38 523.74 523.13 523.28 524.18 526.4 524.79 522.55 522.35 522.9 522.43 523.36 523.13 524.58 524.1 523.06 523.42 523.73 523.62 523.5 523.1 522.86 523.98 524.47 524.49 523.28 523.24 523.02 523.38 523.65 523.45 523.33 523.24 522.62 522.09 522.33 522.73 523.34 523.29 523.48 523.56 523.68 524.23 521.76
-9999 -9999 -9999 -9999 523.41 523.4 523.72 523.9 523.88 524.96 524.69 524.3 523.64 523.74 523.55 523.61 523.61 523.86 523.79 523.57 524.31 525.15 524.97 524.79 524.19 523.24 523.16 523.94 525.32 523.4 523.29 523.3 523.69 526.44 525.31 522.29 524.01 526.57 525.79 522.56 523.4 522.81 526.05 524.02 524.01 523.49 523.93 523.06 523.28 524.93 523.48 523.49 523.22 523.11 523.13 523.03 523.04 522.95 523.19 523.08 523.06 522.61 522 521.79 522.12 523.35 523.86 523.87 523.79 523.84 524.16 524.98
-9999 -9999 -9999 -9999 522.93 523.6 523.77 523.89 523.97 525.18 525.09 524.13 523.53 523.68 523.53 523.52 523.69 523.78 523.42 523.45 525 525.41 525.43 525.03 523.93 523.01 523.01 523.22 523.21 523.69 523.73 523.67 524.25 523.59 525.51 523.9 523.08 524.07 523.57 522.58 522.88 524.47 527.2 527.17 527.43 523.9 523.83 522.83 523.19 524.12 526.91 523.07 522.73 522.89 523.33 523.59 523.51 522.77 522.61 522.81 522.89 522.58 522.87 522.31 522.32 522.31 523.73 522.76 523.01 523.86 524.02 524.68
-9999 -9999 -9999 -9999 523.04 523.63 525.02 524.46 524.13 524.28 523.75 523.2 523.21 523.71 523.51 523.4 523.44 523.08 522.64 523.58 524.9 525.49 525.81 525.28 524.28 522.86 523.19 523.13 523.2 523.87 523.83 523.57 522.94 524.5 525.94 524.8 524.86 523.82 522.45 522.66 522.93 524.34 523.11 523.04 523.45 523.52 522.9 522.93 524.11 523.25 523.21 522.9 522.63 522.92 523.46 523.57 523.6 522.6 522.97 523.54 522.73 523.86 522.67 522.52 522.12 521.01 522.16 521.68 522.22 524.14 524.21 523.65
-9999 -9999 -9999 -9999 523.27 523.75 525.02 525.6 523.75 523.43 522.89 522.92 522.92 523.05 523.31 523.32 522.84 522.74 522.78 523.43 524.43 524.78 525.02 524.15 523.59 523.72 524.2 523.13 523.13 523.53 522.99 522.71 522.53 523.68 524.74 524.75 524.06 522.15 522.49 522.78 523.03 523.12 522.91 523.04 523.08 522.89 522.52 526.03 526.83 524.61 523.1 522.94 522.42 522.98 523.25 523.48 522.94 522.7 523.14 525.26 523.42 524.63 523.11 523.8 522.03 521.25 521.07 522.12 524.96 523.55 522.27 523.44
