tests/GridSurface/491_926.asc
ncols 106
nrows 352
xllcorner 491894
yllcorner 926648
cellsize 1
nodata_value -9999
[rows 288 to 319 of 352, columns 0 to 71 of 106]
-9999 522.4 522.86 522.75 522.79 523.08 523.35 523.38 523.24 523.87 523.72 523.86 524.08 524.03 524.08 524.43 525.11 525.29 525.59 525.27 525.08 525.03 525.24 525.16 525.18 527.78 525.56 526.03 526.22 526.18 526.28 526.33 526.44 526.44 526.81 527.3 529.98 529.03 529.79 528.91 528.76 529.35 530.13 529.54 528.75 528.8 528.75 528.47 528.32 528.41 528.47 529.1 529.31 528.94 528.75 529.1 529.1 529.06 529.18 529.55 529.58 529.83 529.76 528.86 529.59 529.09 528.52 529.79 530.51 529.44 529.08 528.96
-9999 522.46 522.67 522.89 522.36 522.49 522.8 523.06 523.05 523.1 523.24 523.99 524.29 524.03 523.83 524.26 524.52 524.77 525.08 525.07 524.98 525.08 525.11 524.95 525.12 525.21 525.37 525.5 525.86 526.14 526.11 526.39 526.45 526.46 526.72 527.21 529.69 530.63 531.14 531.03 531.12 530.4 530.02 529.88 528.89 528.65 529.19 528.85 528.59 528.59 528.43 528.57 528.43 528.42 528.64 528.95 529.17 529.17 529 529.32 529.4 529.23 529.04 529.42 529.68 529.44 529.81 529.14 528.95 530.23 529.82 528.61
-9999 522.42 522.19 522.34 522.51 522.66 522.76 522.87 523.26 523.46 524.11 524.61 524.68 524.48 523.48 523.71 524.34 524.82 524.86 524.96 525.05 525.03 525.02 525.17 525.22 525.22 525.21 525.37 525.57 525.94 526.05 526.06 526.42 526.51 526.8 527.57 529.1 530.03 530.93 531.4 531.02 528.76 528.35 528.71 528.83 528.86 528.57 529.17 528.17 528.15 529.14 528.44 528.44 528.45 528.72 529.07 529.25 529.07 529.03 529.38 528.85 528.93 529.01 529.39 529.13 529.21 529.32 528.76 528.23 529.94 529.29 530.04
-9999 522.32 522.5 522.79 523.35 522.45 522.83 523.51 523.17 524.04 524.04 522.85 524.57 524.32 523.9 524.28 524.86 525.74 526.23 525.48 525.12 524.97 524.91 524.76 524.9 525.03 525.28 525.52 525.61 525.73 525.99 526.03 526.43 526.69 526.82 527.18 527.38 529.63 530.26 530.79 530.88 530.09 528.55 528.61 528.91 529.02 528.47 529.12 530.58 528.56 528.43 528.43 528.47 528.62 528.85 529.29 529.35 529.33 529.57 529.21 529.12 529.32 529.4 529.49 529.04 529.19 529.14 529.38 528.65 528.74 528.89 529.04
-9999 522.4 522.34 522.11 523.35 524.26 523.49 523.07 523.21 523.73 523.47 522.86 523.74 523.57 524.13 524.72 525.24 525.92 526.49 526.27 525.51 525.1 524.98 525.03 524.83 525 525.11 525.3 525.56 525.75 525.67 525.95 526.46 527.34 526.68 526.82 527.15 529.08 530.12 529.99 530.64 529.57 528.54 528.45 528.76 528.9 528.8 529.54 527.83 529.1 528.82 528.86 529.41 529.01 529.05 529.42 529.54 529.28 529.32 529.29 529.22 529.19 529.43 529.67 529.44 529.54 528.68 528.74 529.13 529.21 530.08 527.95
-9999 522.3 522.42 522.62 523.62 523.13 522.67 522.57 522.54 523.82 524.55 524.5 524.37 524.52 524.66 524.93 525.39 525.85 525.91 525.94 525.75 525.26 524.87 525.11 524.82 524.99 525.38 525.38 525.7 526.12 525.82 526.94 528.45 528.09 527.45 526.81 527.22 528.09 530.23 530.08 528.89 528.62 528.56 528.76 528.84 528.85 528.96 529.17 528.62 529.43 529.01 528.43 529.33 528.86 529.14 529.3 529.33 529.27 529.53 529.36 529.15 529.05 529.1 529.48 528.95 529.24 528.89 529.18 529.05 529.13 529.12 529.34
-9999 522.22 523.24 523.8 522.8 522.72 522.84 522.57 523.63 524.19 524.04 524.28 523.86 524.28 524.03 524.73 525.15 525.43 525.56 525.43 525.66 525.25 524.91 524.7 525.05 525.29 525.33 525.16 525.18 526.23 526.1 527.73 529.6 528.31 526.98 527.21 527.22 527.48 528.48 528.43 528.28 528.03 528.43 528.91 528.81 528.91 529.12 529.09 528.7 529.75 528.28 528.15 528.35 530.02 530.33 529.01 529.32 529.26 529.29 529.15 529.03 529.05 529.2 529.3 528.34 529.21 528.65 529.49 529.11 528.87 529.36 529.12
-9999 522.09 522.3 522.6 522.22 522.42 522.84 522.8 523.32 524.22 524.63 524.36 523.91 523.39 522.97 524.4 524.95 525.23 525.47 525.26 525.46 525 525.12 525.02 524.88 524.28 525.81 526.12 525.55 526.35 526.35 526.98 527.15 527.43 527.35 527.35 527.12 527.43 527.54 527.73 527.88 528.25 528.77 529.64 528.9 529.02 529.16 528.49 528.09 528.07 528.15 528.06 528.42 528.91 528.86 528.73 528.86 529.12 529 529.02 529.09 529.07 528.79 528.36 529.08 528.9 528.31 529.02 528.88 528.92 528.88 528.8
-9999 522.06 522.28 522.3 522.19 522.63 523.15 522.91 523.38 523.31 523.33 524 524.21 523.99 523.41 524.89 524.14 524.79 525.24 525.26 525.25 524.99 525.16 525.19 525.38 525.5 525.84 525.79 525.64 526.34 526.51 526.7 527.3 527.26 527.54 527.25 527.08 527.32 527.53 527.61 527.68 528.29 529.38 530.42 529.16 528.64 528.49 528.22 528.12 528.27 528.26 528.36 528.58 529.16 528.68 528.54 528.73 528.74 528.7 528.75 528.91 529.49 529.16 528.63 528.21 528.34 527.82 528.09 527.95 528.95 528.94 528.06
-9999 522 522.08 521.91 521.95 524.31 523.47 523.11 523.78 523.02 524.4 524.03 523.55 523.92 524.53 524.91 523.35 524.81 525.24 525.41 525.38 525.26 525.24 525.36 525.63 525.52 526.17 525.67 525.79 526.09 526.28 526.55 527.23 527.61 527.54 527.09 527.21 527.13 527.43 527.63 527.8 528.19 529.97 530.24 529.02 528.42 528.19 528.01 527.86 528.15 528.44 528.69 528.84 528.49 528.64 528.67 528.65 528.55 528.4 528.59 528.44 528.2 528.64 528.09 528.75 528.68 528.28 527.86 528.09 528.31 528.79 528.67
-9999 521.7 522.05 521.8 522.01 523.48 522.93 523.42 523.78 524.33 523.51 523.68 522.97 523.23 523.77 524.53 523.76 524.59 525.02 525.08 525.01 525.15 525.28 525.38 525.04 525 525.53 525.57 525.76 526.01 525.91 526.04 526.72 527.65 527.37 527.41 527.69 527.35 527.63 527.49 527.56 527.86 528.53 528.96 527.78 528.11 527.84 527.89 527.9 528.36 528.43 529.09 528.86 528.82 528.67 528.59 528.5 528.21 528.38 528.51 528.23 528.16 528.09 528.87 527.7 527.63 527.78 528.32 528.39 527.71 528.62 528.93
-9999 522.07 522.12 521.99 522.17 522.7 522.86 523.35 523.54 523.62 523.89 523.99 523.23 522.64 522.95 523.39 524.32 524.76 525.43 525.02 524.72 525.17 525.39 525.05 524.85 525.02 525.35 525.49 525.58 525.54 525.86 526.46 527.08 527.35 527.26 527.48 527.75 528.89 529.05 529.08 527.53 527.55 527.91 527.91 527.42 527.28 527.35 527.56 527.56 527.78 528.35 528.85 528.87 529 528.53 528.48 528.63 528.72 528.67 528.4 528.53 527.65 528.53 529.55 527.97 527.65 528.25 527.81 527.97 527.48 527.86 528.49
-9999 522.4 522.08 522.14 522.21 522.41 522.88 523.26 523.86 523.95 524.19 523.73 523.58 523.11 523.34 523.79 524.35 524.62 525.07 524.79 524.83 525.19 525.65 525.25 525.09 524.46 525.42 525.03 525.15 525.13 525.82 526.8 527.34 527.16 527.16 527.07 527.08 527.09 528.46 528.61 527.42 527.73 527.69 527.7 527.68 527.31 527.31 527.14 528.32 528 527.94 528.94 529.03 528.39 528.11 528.08 528.64 528.86 528.88 527.83 527.44 529.69 528.58 529.01 528.41 527.58 528.08 529.02 528.16 528.01 528.05 527.87
-9999 522.28 523.21 522.96 522.21 522.39 522.68 522.88 523.44 524.27 523.88 523.72 523.38 523.2 523.55 524.24 524 524.26 524.63 524.59 524.84 525.07 525.13 525.22 524.96 524.86 525.18 525.76 525.22 525.04 525.83 526.46 526.65 526.62 526.71 526.7 526.82 526.92 527.21 527.44 527.54 527.6 527.43 527.7 527.69 526.96 526.75 526.81 526.97 527.25 527.66 529.44 527.81 528.41 528.17 529.13 529.35 528.78 529.18 527.74 529.24 529.05 528.72 528.69 527.69 528.05 528.1 528.57 528.32 527.86 528.17 528.53
-9999 521.97 521.91 522.22 522.52 522.63 522.59 522.87 522.99 523.44 523.26 523.53 522.76 522.74 523.53 523.72 523.43 523.98 524.6 524.57 524.56 524.54 524.79 525.04 524.77 524.79 525.1 525.62 525.45 524.95 525.79 526.23 526.18 526.28 526.4 526.62 526.85 526.71 527.14 527.74 528.16 527.38 527.33 527.35 527.19 526.51 526.81 526.89 528.23 527.95 527.94 529.1 529.48 527.86 528.08 529.57 529.09 529.28 528.75 527.57 527.57 527.68 533.59 527.83 527.91 528.9 528.48 528.12 528.27 527.93 527.67 527.6
-9999 521.88 521.96 522.18 522.41 522.53 522.39 523.17 522.97 522.41 522.81 522.99 522.71 522.88 523.42 523.23 523.56 523.83 524.5 524.69 524.34 524.39 524.43 524.94 524.65 524.72 524.96 525.44 525.59 525.59 525.83 526.22 526.35 526.41 526.43 526.64 526.72 526.87 527.06 528.05 529.59 530.34 529.03 527.59 527.32 526.94 526.88 527.7 526.99 527.52 527.89 527.51 527.77 527.49 527.4 528.45 528.79 529.02 527.8 527.98 528.11 527.66 535.72 536.96 532.65 529.66 528.02 527.92 528.22 528.42 527.96 528.09
-9999 521.64 521.39 521.98 522.48 522.27 522.46 522.23 522.42 522.66 522.84 522.6 523.77 523.16 523.32 522.9 524.11 524.22 524.13 524.34 524.68 524.63 525.13 524.89 524.65 524.71 524.83 525.43 525.6 526.22 525.8 525.81 526.23 526.36 526.31 526.33 526.84 527.29 528.2 528.9 530.4 529.92 528.91 527.93 527.38 527.22 527.17 526.98 527.16 526.98 527.3 527.22 527.18 527.44 528.46 528.45 528.18 527.96 527.28 532.53 536.92 539.12 537.6 537.86 533.06 535.76 528.54 528.44 527.88 528.53 528.42 528.4
-9999 521.26 521.57 522.02 522.32 522.2 522 522.16 522.56 522.56 522.73 523.21 524.71 523.68 523.55 523.85 524.23 524.14 524.13 524.17 524.37 524.68 525.09 524.97 524.77 524.69 524.85 525.26 525.76 525.75 525.94 526.06 526.38 526.12 526.16 526.4 526.62 527.18 528.09 529.74 530.32 530.23 530.17 527.44 527.61 527.54 527.28 527.26 526.75 527.64 527.15 527.03 528.53 527.71 527.53 527.52 528.28 528.66 528.71 533.08 533.4 537.93 538.32 537.94 536.74 532.66 527.45 527.86 528.35 527.84 527.52 528.01
-9999 521.74 521.96 522.06 522.13 521.91 521.96 522.33 522.69 522.94 522.76 522.64 523.88 523.55 523.76 524.18 524.62 524.52 524.28 524.4 524.58 524.75 525 525.01 524.65 524.66 524.88 525.04 525.37 525.45 525.45 525.68 525.88 526.19 526.2 526.4 526.61 527.16 527.81 529.74 528.47 530.57 528.6 527.24 527.4 527.26 527.42 527.56 526.92 527.03 526.71 527.12 527.83 527.52 528.17 528.57 528.52 527.5 527.84 532.59 527.25 537.79 538.41 537.35 537.25 533.58 528.89 528.91 528.84 528.63 528.04 528.05
-9999 521.72 521.92 521.8 521.63 521.77 522 522.28 522.68 523.08 522.86 523.24 523.89 524.23 524.45 524.52 524.29 524.35 524.25 524.56 524.54 524.62 524.59 524.65 524.77 524.87 524.86 524.96 525.26 525.35 525.36 525.32 526 527.88 526.18 525.98 526.63 527.29 527.26 527.39 527.54 529.27 529.49 529.06 527.38 527.26 527.19 526.93 526.98 526.99 527.18 527.34 527.65 527.12 527.61 528.48 528.48 528.76 528.44 528.37 529.02 537.47 535.88 538.26 530.2 529.75 528.95 527.54 527.21 527.98 527.47 527.77
-9999 521.43 521.7 521.48 521.62 521.88 521.72 522.15 523.13 523.06 522.63 522.81 522.61 523.04 523.83 524.05 523.82 524.2 524.42 524.62 524.6 524.35 524.26 524.43 524.98 525.27 525.38 524.98 524.89 525.17 525.2 525.59 526.07 526.68 526.51 526.06 526.59 526.78 527.02 526.82 526.69 526.61 527 527.27 527.1 527.25 527.21 527.07 526.9 527.17 527.54 527.9 527.63 527.09 527.37 527.04 527.32 528.25 527.62 527.2 528.37 534.7 530.28 535.54 527.36 528.32 528.03 527.53 527.87 528.38 527.86 528.08
-9999 521.36 521.32 521.52 521.6 521.97 521.86 522.15 522.73 522.65 522.54 523.15 522.97 523.2 523.82 523.59 523.94 524.47 524.45 524.44 524.4 524.26 524.52 524.87 525.35 525.8 525.55 525.17 525.03 525.05 525.15 525.12 525.19 524.74 525.16 525.7 526.04 526.63 526.76 526.67 526.55 526.74 527.11 527.25 527.08 527.3 527.26 527.02 526.91 527.41 527.65 528.22 527.52 527.46 527.26 527.25 528.23 529.37 528.93 528.39 528.68 528.5 528.73 528.24 527.59 527.97 527.64 528.68 527.53 528.33 528.39 527.72
-9999 521.63 521.69 521.71 522.04 522.45 522.34 522.49 522.49 522.7 522.1 523.14 523.2 522.1 523.34 524.03 524.35 524.79 524.8 524.7 524.34 524.45 524.59 525.11 525.6 525.97 525.97 525.14 524.78 524.76 524.84 524.82 525.22 525.22 525.22 525.57 526.01 526.5 526.5 526.56 526.5 526.85 527 526.99 526.99 527.3 527.89 527.03 527.1 527.4 527.24 527.71 528.02 527.62 527.21 527.72 527.75 528.22 529.39 529.05 526.85 527.52 527.61 528.54 527.96 527.94 528.33 527.91 528.56 528.37 528.69 527.75
-9999 521.61 521.06 521.58 521.96 522.44 522.46 522.32 522.34 522.45 522.87 522.9 522.95 522.74 522.85 522.9 523.49 524.53 524.56 524.85 524.63 524.6 524.71 524.93 524.55 525.11 524.97 524.77 524.59 524.68 524.73 524.72 525.05 525.27 525.71 526.08 526.78 526.57 526.15 526.39 526.72 526.94 526.8 526.79 526.93 527.77 528.38 527.57 527.12 526.86 526.72 526.87 527.07 527.1 528.74 528.56 528.81 527.73 527.8 527.35 528.71 528.56 528.23 527.38 527.79 527 528.84 528.06 527.74 527.55 528.29 528.28
-9999 521.03 521.12 521.42 522.18 522.06 522.32 522.55 522.3 522.55 522.31 522.95 523.03 523.22 523.19 522.89 522.56 524.08 524.29 524.32 524.59 524.65 524.54 524.51 524.58 524.4 524.46 524.51 524.45 524.61 524.57 524.68 525.06 525.42 526.06 526.45 526.86 526.66 526.06 526.22 526.63 526.66 528.74 527.69 529.56 528.18 529.44 528.12 527.31 526.92 526.65 526.86 527.61 527.31 527.17 529.14 528.25 527.08 528 528.99 528.33 526.94 528.05 528.05 527.75 527.9 528.48 528.83 528.26 527.46 527 528.33
-9999 520.63 520.8 520.88 521.13 521.6 521.97 522.25 522.68 522.36 522.84 522.83 523.02 523.16 523.37 523.43 523.31 524.01 524.11 524.05 524.55 524.38 524.21 524.18 524.16 524.09 524.35 524.48 524.54 524.5 524.15 524.66 524.95 525.84 526.17 526.6 526.54 525.98 526.07 526.23 526.46 526.63 531.32 531.05 529.96 529.49 530.47 529.71 527.56 526.68 526.59 527.16 527.94 528.02 527.46 529.29 528 528.23 528.83 529.61 528.42 527.8 527.93 527.88 527.31 528.02 527.7 527.94 528.32 527.42 527.17 527.75
-9999 520.75 520.74 520.73 520.77 521.11 521.78 521.89 522.07 522.54 523.27 523.11 523.19 523.58 523.56 523.1 522.85 523.66 524.2 523.71 523.95 524.12 524.04 523.95 524.13 524.11 524.27 524.41 524.41 524.28 524.28 524.39 524.37 525.51 526.8 526 526.11 525.93 525.91 526.12 526.4 527.76 528.34 527.89 530.52 530.22 529.29 528.32 527.4 526.77 526.94 527.42 527.56 527.97 528.17 528.63 528.58 527.59 527.48 528.65 528.55 526.85 527.23 527.09 528.18 528.19 527 527.01 527.58 527.64 527.68 527.31
-9999 520.89 520.57 520.7 521.06 521.48 521.47 521.71 521.65 522.2 522.74 523.39 523.53 523.59 523.37 522.84 523.16 523.17 523.59 523.71 523.85 523.83 523.74 523.91 523.94 524.14 524.64 524.43 524.59 524.56 524.33 524.2 524.37 524.73 525.58 525.58 525.72 525.79 525.85 526.05 526.3 529.13 529.02 531.18 530.47 530.09 526.44 526.96 527.22 526.84 526.92 526.89 527.24 527.06 527.4 528.44 528.43 528.03 527.84 527.1 528.02 527.02 527.51 527.59 527.72 527.2 527.29 527.31 527.35 527.81 527.93 527.15
-9999 520.76 520.64 520.74 521.23 521.46 521.44 521.22 521.54 522.07 521.86 522.55 523.7 523.31 523.18 523.36 523.3 523.2 523.23 523.65 523.87 523.86 523.61 523.9 523.99 524.16 524.52 524.64 524.3 524.27 524.79 524.56 524.54 524.57 524.32 524.6 525.61 525.62 525.71 525.95 526.06 526.65 526.88 530.72 530.41 529.35 526.88 527.05 527.33 527.05 526.8 526.91 526.87 526.75 527.11 527.26 527.44 526.98 526.93 527.65 527.15 527.35 527.74 527.71 527.3 526.71 527.42 527.13 527.33 527.85 527.7 528.13
-9999 520.94 520.91 520.81 520.97 521.15 521.08 521.2 521.23 521.91 522.89 523.25 523.4 523.26 523.22 523.36 523.26 523.12 523.2 523.6 523.69 523.55 523.56 523.78 523.84 523.88 524.23 524.37 524.65 525.4 525.17 524.55 524.66 524.81 524.67 525.07 525.35 525.31 525.79 525.76 525.8 526.02 527.25 529.12 529.58 529.73 526.89 527.15 527.04 526.92 527.01 526.96 526.95 526.88 527.02 527.52 527.05 527.06 527.67 527.76 527.84 527.6 526.89 527.12 526.53 527.14 527.59 527.4 526.81 527.58 527.58 528.61
-9999 520.91 521.12 520.86 520.58 520.72 520.94 521.09 521.25 521.52 522.07 523.11 523.29 523.24 522.76 523.09 523.17 523.41 523.55 523.76 523.61 523.52 523.94 523.88 524 523.7 524 524.44 524.73 525.52 525.39 524.67 524.73 524.97 524.73 525.09 525.26 525.41 526.03 526.05 525.91 526.93 526.26 529.05 529.71 528.19 528.15 527.5 526.72 527.01 527.12 527 526.87 526.96 527.23 526.82 526.96 527.24 527.35 527.2 527.38 527.57 527.5 526.86 526.82 527.24 527.41 526.77 527.45 528.14 528.12 528.04
-9999 520.74 520.94 520.77 520.96 520.83 520.79 521.13 521.22 521.54 521.57 521.94 522.88 523.34 523.26 523.62 523.76 523.65 524.01 524.01 523.75 523.28 523.62 523.91 524 523.91 523.88 523.94 524.7 525.64 525.3 525.2 524.7 525.19 525.25 525.34 525.06 525.22 525.95 526.18 526.17 526.33 526.55 528.66 529.45 527.85 529.28 527.78 526.57 526.83 526.83 526.84 526.64 526.6 526.8 527.02 527.12 527.14 527.19 527.27 527.01 526.9 527.52 527.48 527.44 527.37 527.39 527.25 527.77 527.94 527.92 527.59
