tests/GridSurface/491_927.asc
ncols 112
nrows 1000
xllcorner 491888
yllcorner 927000
cellsize 1
nodata_value -9999
[rows 864 to 895 of 1000, columns 0 to 71 of 112]
-9999 -9999 -9999 -9999 -9999 525.02 526.75 527 525.7 525.29 525.55 525.77 525.08 523.23 523.38 523.47 523.66 524.35 524.52 524.62 524.86 524.5 523.81 523.52 523.95 524.66 524.44 524.93 525.05 525.04 525.16 525.36 525.43 525.45 525.51 525.27 525.19 525.12 525.46 525.43 525.48 525.33 525.34 525.32 525.31 525.72 525.54 538.94 533.74 540.51 543.08 541.42 539.52 526.81 525.19 525.14 525.84 525.59 525.55 525.5 525.44 525.02 525.25 525.31 525.37 525.4 525.31 526.03 525.9 525.79 525.37 528.13
-9999 -9999 -9999 -9999 -9999 525.57 526.41 526.47 525.57 525.04 525.47 525.27 525.62 525.51 523.68 523.98 524.59 525.06 525.42 525.41 524.91 524.49 524.42 523.74 524.45 524.66 524.92 525.11 525.07 525.1 524.98 525.12 525.33 525.28 525.23 525.25 525.35 524.96 525.06 524.96 525.37 525.38 525.52 525.81 524.64 525.53 528.09 535.04 535.54 542.73 544.84 544.47 541.11 535.92 524.89 524.9 526.08 525.64 525.52 525.54 525.44 525.68 525.69 525.65 525.64 525.72 525.78 526.13 526.17 526.04 525.27 525.33
-9999 -9999 -9999 -9999 -9999 525.1 524.8 524.67 525 525.16 526.23 525.59 525.48 523.73 523.91 523.59 524.62 525.34 525.87 525.95 526.11 525.71 524.36 523.46 523.72 524.89 525.27 525.31 524.75 524.92 524.71 524.68 525.01 524.9 524.73 524.61 524.92 525.03 524.88 525.12 525.28 525.33 525.42 525.6 525.76 525.61 536.84 540.33 542.27 543.93 543.81 543.4 543.77 534.29 525.26 525.76 525.8 525.62 525.44 525.44 525.34 525.41 525.53 525.58 525.58 525.64 525.89 526.31 526.34 526.23 525.31 530.96
-9999 -9999 -9999 -9999 -9999 527.49 524.28 524.42 524.37 524.56 524.98 525.77 525.58 525.07 524.19 524.07 524.8 525.37 525.71 525.97 526.23 526.18 524.25 523.33 523.39 524.28 525.04 524.77 525.06 524.79 524.44 524.58 524.91 525.17 524.82 524.81 525.03 525.08 524.43 524.85 525.23 525.42 525.46 525.49 525.72 525.6 536.7 538.35 544.03 544.68 543.72 544.49 541.91 541.87 530.7 527.72 525.9 525.37 525.8 525.71 525.46 525.19 525.52 525.22 525.47 525.81 525.85 525.18 525.44 525.78 525.59 528.32
-9999 -9999 -9999 -9999 -9999 527.31 526.93 525.1 524.45 525.76 524.38 524.85 524.14 524.01 524.05 524.18 524.06 524.89 525.29 525.85 525.71 525.92 524.21 523.56 523.92 524.52 525.18 525.25 525 524.44 524.32 524.49 524.57 524.79 524.52 524.9 525.07 524.92 524.87 525.34 525.17 525.35 525.46 525.48 525.5 525.41 532.03 541.78 542.71 542.92 544.27 542.63 542.48 542.73 539.34 527.95 525.53 525.3 524.94 525.39 525.25 525.13 525.17 525.19 524.71 524.52 524.74 524.91 524.59 526.12 525.17 526.41
-9999 -9999 -9999 -9999 -9999 526.64 527.09 524.98 524.43 524.55 524.03 523.99 523.87 524.03 524.28 524.05 524.11 524.66 525.09 525.17 525.03 524.77 523.82 523.79 524.35 524.95 524.79 525.27 524.91 524.56 524.41 524.66 525.12 524.92 524.83 524.77 524.68 524.83 525.08 525.16 525.07 525.21 525.3 525.27 525.25 525.51 530.42 534.74 541.71 540.81 542.85 542.55 541.28 538.7 531.61 524.97 525.42 525.51 525.37 525.42 525.38 525.24 525.17 525.19 525.16 524.92 525.16 524.96 525.5 525.92 525.71 526.16
-9999 -9999 -9999 -9999 -9999 526.6 526.32 525.25 524.7 524.07 523.9 523.78 523.9 524.11 524.37 524 524.14 524.38 525.08 525.25 524.7 553.49 524.07 523.89 524.55 525.11 525.19 524.26 524.84 524.25 524.18 524.46 524.83 524.88 524.81 524.88 524.79 525.08 525.31 525.05 525.15 525.05 525.04 524.98 524.9 525.13 525.81 525.74 530.05 540.68 539.8 542.36 540.09 532.83 526.26 525.13 525.18 525.51 525.32 525.35 525.21 525.25 525.31 525.26 525.18 524.36 524.94 525.49 525.92 525.96 526.2 526.01
-9999 -9999 -9999 -9999 -9999 526.2 525.03 524.57 523.77 523.87 524.78 523.76 524.08 524.58 524.77 524.51 524.1 524.05 525.32 525.32 524.93 552.87 524.33 524.89 525.14 524.61 524.81 525.35 524.64 524.23 524.1 524.26 524.64 524.59 524.53 524.46 524.87 525.01 525.35 525.21 525.14 524.91 524.85 524.73 524.93 525.14 525.71 525.71 525.68 535.52 528.23 525.34 532.04 526.71 524.8 525.17 525.23 525.31 525.44 525.41 525.23 525.13 525.35 525.65 525.69 525.46 525.59 526.03 526.33 526.27 526.23 526.28
-9999 -9999 -9999 -9999 -9999 524.28 523.73 523.54 523.16 523.67 523.84 523.98 523.91 523.85 523.92 524.25 524.72 524.56 529.73 526.16 535.74 534.14 550.77 524.91 525.03 534.39 525.29 525.86 524.36 524.38 524.19 524.31 524.35 524.33 524.51 524.45 524.79 524.97 525.41 525.27 525.29 525.31 524.93 524.68 524.94 525.22 525.37 525.12 524.92 524.96 525.02 524.97 524.93 524.43 524.78 524.95 525.17 525.36 525.49 525.44 525.37 525.34 525.67 525.61 525.59 525.63 525.32 525.75 526.26 526.25 525.98 526.06
-9999 -9999 -9999 -9999 -9999 523.08 523.44 523.42 523.56 523.9 524.3 524.42 524.36 523.89 523.82 524.09 524.08 524.77 526.43 534.82 523.6 523.93 556.9 523.79 531.67 527.39 525.08 534.79 540.64 531.09 546.41 536.56 524.13 524.4 524.67 524.78 524.78 524.56 524.81 524.86 524.95 525 524.7 524.91 525.08 525.66 525.57 525.2 524.87 524.76 524.76 524.96 524.91 524.36 524.65 525.07 525.03 525.36 525.45 525.4 525.67 525.76 525.79 525.8 525.95 525.85 525.45 525.51 526.11 526.11 526.28 526.02
-9999 -9999 -9999 -9999 -9999 523.44 523.47 523.62 523.51 523.87 524.77 524.16 524.41 524.24 523.79 524.01 523.93 547.1 523.98 545.92 523.44 547.37 535.65 534.15 525.2 537.85 537.28 528.72 544.15 534 532.79 537.6 524.66 524.5 524.64 525.05 525.02 524.73 524.96 524.82 524.39 524.01 524.52 524.99 524.78 525.46 525.37 525.31 524.77 524.47 524.49 524.63 524.58 524.37 524.64 524.98 525.14 525.53 525.03 525.4 525.69 525.76 525.85 525.89 525.7 525.64 525.33 525.55 525.82 525.88 524.96 526.27
-9999 -9999 -9999 -9999 -9999 523.38 523.44 523.57 523.68 523.68 524.51 524.53 524.54 524.39 524.26 524.11 523.24 534.31 536.9 523.29 533.8 531.7 524.51 524.93 539.71 544.94 524.94 546.66 549.37 530.87 526.94 524.5 524.74 524.72 524.89 524.86 524.84 524.4 524.54 524.39 523.85 524.36 524.55 525.02 531.69 540.31 532.15 535.29 525.12 524.76 524.55 524.41 524.45 524.42 524.56 525.09 525.23 525 524.96 525.16 525.55 525.6 525.59 525.56 525.63 525.43 525.15 525.3 525.35 524.76 525.53 526.09
-9999 -9999 -9999 -9999 -9999 523.34 523.35 523.72 524.42 524.23 524.77 524.96 524.61 524.4 524.2 523.92 533.77 544.7 528.2 539.71 546.48 530.54 525.74 524.57 541.14 534.44 552.8 551.26 527.82 543.17 524.67 524.92 524.9 524.66 524.71 524.48 524.38 524.16 523.96 524.47 524.3 524.2 524.27 530.58 540.17 540.45 540.93 537.21 527.13 524.51 524.53 524.48 524.6 524.64 524.51 524.3 524.44 524.52 524.62 525.13 525.35 525.37 525.42 525.38 525.62 525.49 525.42 524.86 524.73 525.95 525.61 526.08
-9999 -9999 -9999 -9999 -9999 523.39 523.48 523.88 524.77 524.72 524.66 524.65 524.42 524.32 524.03 523.74 540.5 527.39 553.61 523.56 532.88 530.71 549.36 533.89 539.58 556.3 551.25 552.18 551.36 551.11 527.53 524.54 524.6 524.69 524.72 524.4 524.23 524.49 524.48 524.58 524.48 524.32 524.25 528.23 541.22 541.9 541.62 540.83 537.82 527.56 524.12 524.45 524.7 524.33 524.65 524.41 524.42 524.4 524.29 524.29 524.6 525.5 525.48 525.7 525.71 525.35 525.57 524.95 524.78 526.01 525.6 525.9
-9999 -9999 -9999 -9999 -9999 522.82 523.97 524.15 524.13 523.9 524.31 524.2 523.83 524.14 523.88 523.66 523.74 524.38 523.87 538.83 524.93 539.84 546.41 554.19 557.77 538.49 528.74 527.24 527.61 548.94 546.94 524.48 524.64 524.73 524.86 524.58 524.67 524.68 524.55 524.4 524.41 524.38 525.44 533.6 540.14 541.82 541.55 540.45 531.91 525.07 524 524.44 524.77 524.04 524.67 524.69 524.52 524.89 524.84 525.03 525.29 525.8 525.27 525.53 525.71 525.38 525.58 524.83 525.77 525.76 525.54 525.97
-9999 -9999 -9999 -9999 -9999 523.15 523.56 523.76 523.9 523.78 524.13 524.19 523.97 523.82 523.74 524.14 523.68 537.71 529.94 525.38 547.05 524.08 536.59 553.43 531.14 547.89 543.83 540.1 537.24 533.16 529.88 524.49 525.02 525.26 524.89 524.72 525.01 524.76 524.59 524.44 524.21 524.03 524.11 524.2 536.44 541.12 541.15 540.82 532.58 524.68 523.93 524.59 524.82 524.63 524.37 524.69 524.83 524.47 524.63 524.88 524.87 525.31 524.32 525.5 525.72 525.25 525.45 525.81 525.98 525.98 525.93 525.63
-9999 -9999 -9999 -9999 -9999 522.77 522.93 523.75 524.02 523.65 524.26 523.14 523.61 523.72 523.85 524.41 523.98 523.81 523.87 547.05 523.67 523.13 545.7 549.92 549.72 549.24 531.48 533.58 523.88 525.01 525.25 525.14 525.1 524.84 524.67 524.69 524.77 524.85 524.14 523.9 523.8 523.72 523.7 523.93 536.78 540.23 539.05 536.99 531.18 524.88 525.03 524.75 523.8 524.02 524.22 524.24 524.56 524.69 524.89 524.88 525.06 525.31 525.26 525.29 525.51 525.56 525.73 525.51 525.73 526.18 526.37 525.74
-9999 -9999 -9999 -9999 -9999 522.57 522.8 522.68 522.06 522.71 523.65 522.82 522.96 523.86 524.41 524.43 523.66 523.71 524.19 524.29 535.42 535.62 523.42 550.89 554.81 550.49 552.32 532.53 542 551.49 524.73 525.07 527.54 524.63 524.47 524.77 524.41 523.43 523.74 523.88 524.55 523.75 523.71 524.03 524.34 524.22 527.38 525.87 524.32 524.53 525.04 524.41 524.7 524.09 524.28 524.26 524.02 524.43 524.93 524.96 525.14 525.27 525.25 525.4 525.5 525.64 525.75 525.37 525.66 525.94 525.98 525.36
-9999 -9999 -9999 -9999 -9999 522.58 522.49 522.49 522.34 522.45 522.5 522.87 523.09 548.53 523.53 523.68 523.66 538.09 535.04 527.55 523.61 538.61 525.66 539.63 544.38 552.96 537.22 539.78 550.33 558.83 534.09 539.09 531.19 524.99 524.57 524.6 524.54 523.81 524.39 523.8 524.08 524.47 523.82 523.76 524.33 524.24 524.2 524.08 523.87 524.37 524.66 524.84 524.1 524.68 524.67 524.67 524.56 524.72 524.98 524.55 525.4 525.24 525.51 525.81 525.61 525.42 525.22 525.04 525.49 525.62 525.72 525.18
-9999 -9999 -9999 -9999 -9999 522.62 522.13 522.23 522.64 522.45 522.49 522.61 523.24 543.82 526.89 525.39 546.29 539.1 540.61 530.35 545.36 536.2 523.09 523.14 557.95 555.08 536.18 545.53 525.94 545.79 524.89 544.89 540.98 525.01 525.03 524.93 525.22 525.03 524.87 524.47 523.85 525.17 524.66 523.53 524.95 524.71 524.33 523.76 523.97 524.57 524.63 524.66 524.52 524.54 524.71 524.69 524.59 524.5 524.82 525.74 525.23 525.33 525.44 525.56 525.18 525.24 525.37 524.97 525.41 525.45 525.45 525.17
-9999 -9999 -9999 -9999 -9999 523.18 522.2 522.4 522.42 522.49 522.65 522.39 523.03 523.15 525.79 537.33 548.8 522.92 523.75 551.58 523.46 525.31 523.57 551.37 527.27 557.4 537.82 523.14 522.96 524.25 523.29 524.99 531.09 527.72 525.41 525.33 525.51 525.27 524.72 523.62 525.39 525.58 524.7 524.54 525.61 525.08 525.03 523.9 523.86 524.3 524.53 524.39 524.24 524.22 524.23 524.4 524.09 524.37 524.69 524.82 525 525.58 525.18 524.73 524.6 525.26 525.56 525.54 525.65 526.25 525.68 525.45
-9999 -9999 -9999 -9999 -9999 522.95 522.93 523.13 522.76 522.68 522.53 522.16 522.38 522.43 541.57 525.14 530.85 532.59 523 540.27 540.64 527.93 527.68 523.77 525.65 523.87 549.52 539.2 523 523.96 534.13 525.18 546.1 525.58 525.42 524.83 525.66 524.62 524 523.76 525.02 525.11 524.26 525.14 524.87 524.68 525.06 524.95 524.99 524.15 524.29 524.2 524.11 524.16 524.08 524.03 524 524.06 524.34 524.51 524.82 525.32 525.25 525.3 525.37 525.61 525.77 525.69 525.65 526.19 526.08 526.08
-9999 -9999 -9999 -9999 -9999 523.03 522.62 522.55 522.54 522.77 522.47 522.24 522.34 522.67 524.92 522.82 526.93 524.74 523.35 541.59 548.03 534.47 535.44 523.97 524.24 524.17 523.41 549.26 523.51 523.81 523.24 524.95 528.29 524.84 525.12 524.75 525.18 523.89 523.68 523.74 524.42 524.88 525 525.53 524.64 524.82 524.86 524.68 523.67 523.84 524.36 525.21 524.36 524.74 524.1 524.08 524.26 524.49 524.42 524.51 524.76 525.3 525.09 525.26 525.37 525.51 525.51 525.7 525.98 526.56 526.71 526.44
-9999 -9999 -9999 -9999 -9999 523.12 523.67 522.77 522.58 522.39 522.35 522.44 522.25 522.57 522.95 523.28 526.35 526.82 532.5 540.07 528.31 523.47 534.95 524.06 524.27 523.89 523.45 523.64 524.11 523.05 523.77 524.8 524.36 524.28 523.62 524.62 524.87 523.88 523.62 523.26 524.43 523.94 524.66 525.48 525.48 525.22 525.41 524.62 524.71 525.73 525.97 525.65 525.6 524.75 524.09 524.25 524.4 524.47 524.44 524.65 524.94 525.27 525.4 525.57 525.73 525.54 525.54 526.04 525.5 526.13 526.44 525.96
-9999 -9999 -9999 -9999 -9999 523.33 523.08 522.93 522.7 522.56 522.22 522.54 522.52 523 522.86 523.06 527.62 524.64 529.92 522.65 541.51 533.64 523.31 536.66 529.19 523.92 523.64 523.86 524.62 523.77 524.06 524.32 524.67 524.17 524.66 525.21 524.51 524.59 524.24 523.63 523.67 524.82 525.4 525.45 525.5 524.9 525.03 524.73 524.62 524.72 524.33 525.59 525.84 524.31 524.92 526.06 525.75 525.01 524.63 524.54 525.2 525.89 525.58 525.41 525.44 524.93 525.13 525.59 525.75 525.39 526.03 526.24
-9999 -9999 -9999 -9999 -9999 523.08 522.45 522.95 522.42 522.68 522.32 522.58 522.6 523.2 523.23 523.03 529.19 535.36 522.84 522.8 522.45 522.7 522.82 523.53 523.47 523.35 523.42 523.98 524.69 524.34 524.34 524.55 523.37 524.7 523.57 524.08 525.36 525.05 524.96 524.83 524.28 524.94 525.43 525.16 525.18 524.86 525.07 525.41 525.55 524.62 524.48 525.34 524.47 525.08 525.13 523.9 526.05 525.28 525.59 525.07 525.06 524.92 525.1 525.5 524.98 525.04 525.68 525.4 525.4 525.65 525.57 526.02
-9999 -9999 -9999 -9999 -9999 522.85 522.17 522.71 522.58 522.29 522.61 522.83 522.65 523.22 523.49 523.34 523.26 523.13 523 522.75 522.75 522.78 523.59 523.82 522.9 523.26 523.41 523.95 524.29 524.4 524.06 524.39 523.92 522.92 524.77 525.05 525.29 525.08 525.06 524.39 525.04 524.62 525.32 525.06 525.21 525.15 524.57 525.1 524.71 524.41 524.06 524.16 523.87 523.88 525.51 526.12 524.33 525.05 524.53 524.68 525.08 525.09 524.83 524.34 525.01 525.02 525.63 525.44 525.3 525.48 525.82 526.12
-9999 -9999 -9999 -9999 -9999 522.48 522.39 522.38 522.37 522.59 522.87 523.14 522.93 523.19 523.54 523.24 523.21 523.5 523.19 522.9 522.89 523.31 523.27 523.83 523.3 523.16 524.41 524.27 524.17 524.28 523.9 524.21 524.41 523.39 523.54 523.95 524.27 524.48 524.72 524.76 525.13 525.17 524.63 524.64 525.16 524.99 524.69 525.02 525.11 524.23 524.18 524.02 523.82 523.93 524.24 524.42 524.29 525.08 524.77 524.47 524.5 524.6 524.6 524.72 525.38 524.5 524.91 525.33 524.98 524.83 526.13 525.94
-9999 -9999 -9999 -9999 -9999 522.51 522.4 522.09 522.38 522.11 522.71 522.89 523.44 522.92 522.75 523.09 523.21 523.27 523.43 523.17 523.41 524.23 524.27 524.02 524.01 523.41 523.8 524.08 524.06 524.01 523.66 523.66 524.04 523.88 523.63 524.76 525.18 524.79 524.82 525.32 524.97 524.89 525.02 524.33 524.72 524.83 524.98 524.96 524.84 524.48 525.41 523.94 523.79 523.83 524.01 524.21 524.44 525.84 525.14 524.76 524.6 524.61 524.82 525.31 525.61 524.46 524.92 525.21 525.05 525.46 525.37 525.51
-9999 -9999 -9999 -9999 -9999 522.11 522.15 522.74 522.65 522.33 523.05 523.26 522.98 522.78 522.81 522.96 522.92 522.94 522.85 523.76 522.98 523.25 522.86 523.28 523.51 522.78 523.51 524.25 524.21 524 524.24 523.9 523.93 524.08 523.44 524.92 524.51 525 524.87 525.14 525.06 524.53 524.59 523.85 524.68 524.39 524.85 524.5 524.56 524.3 524.53 523.89 523.82 523.78 524.09 524.34 524.95 526.36 525.88 525.02 524.33 524.41 525.89 526.02 525.72 525.08 525.51 525.08 525.08 525.7 526.51 526.28
-9999 -9999 -9999 -9999 -9999 522.01 522.11 522.34 522.33 522.14 523.05 522.37 522.71 522.84 522.61 522.66 523.36 523.18 523.01 523.49 523.01 522.84 522.82 523.25 523.98 523.54 523.86 524.1 523.97 524.04 524.26 524.16 523.71 524.24 524.21 524.41 523.36 524.49 524.82 525.05 524.74 524.41 524.22 524.17 524.08 524.42 524.79 524.75 524.71 524.2 524.25 524.37 524.41 524.55 524.47 524.59 524.63 526.08 526 525.46 524.65 524.72 525.69 526.02 525.97 525.69 525.61 525.24 529.89 533.19 526.5 526.13
-9999 -9999 -9999 -9999 -9999 521.92 522.01 521.93 522.03 522.19 522.59 522.22 522.59 522.43 522.73 522.73 522.95 523.03 523.19 523.31 523.34 522.97 522.83 522.97 522.99 522.93 523.71 523.35 523.75 523.75 523.47 522.91 523.1 524.64 524.66 524.61 524.35 523.03 524.49 524.85 524.45 524.49 524.3 524.77 524.98 525.54 524.58 524.61 524.97 524.55 525.01 524.36 524.87 525.04 525.13 524.86 525.67 525.32 525.32 525.72 525.3 525.35 525.86 526.2 525.52 525.55 529.15 529.59 530.71 533.85 533.27 532.02
