tests/GridSurface/491_928.asc
ncols 118
nrows 1000
xllcorner 491882
yllcorner 928000
cellsize 1
nodata_value -9999
[rows 608 to 639 of 1000, columns 0 to 71 of 118]
-9999 -9999 -9999 529.52 529.55 529.52 529.44 529.58 530.35 531.05 533.67 534.34 534.15 534.22 533.77 533.75 534.42 531.8 530.92 531.77 532.12 532.98 532.97 531.54 531.19 531.55 530.88 531.19 530.43 529.84 529.77 530.13 530.37 530.28 531.23 530.23 530.2 530.06 530.44 530.55 530.01 529.92 530.4 531.03 531.23 531.1 530.9 531.83 532.55 533.04 532.83 532.12 531.77 531.86 531.89 531.95 532.3 532.78 532.65 533.7 531.88 534.94 533.59 532.66 532.36 536.17 535.93 536.2 536.23 536.02 534.14 533.07
-9999 -9999 -9999 529.63 529.75 529.79 529.55 529.67 530.11 530.3 530.3 532.63 534.36 534.52 532.69 533.79 533.72 531.48 530.88 532.19 532.81 532.86 531.28 530.98 531.17 530.78 530.09 530.29 530.14 529.99 530.3 530.29 530.33 530.48 530.37 530.05 530.12 530.68 530.73 530.73 530.54 530.28 530.8 531.33 531.49 530.98 531 531.38 532.06 532.55 532.24 532.02 531.85 531.85 531.76 532.01 532.16 532.4 533.08 533.8 531.89 533.66 531.27 531.61 533.18 535.7 533.49 533.88 535.17 534.08 534.03 531.57
-9999 -9999 -9999 532.23 529.71 529.58 529.34 529.26 529.44 529.65 529.72 530.12 530.71 531.17 531.18 531.82 532.43 531.3 530.51 531.18 531.33 530.91 530.46 530.63 530.05 529.71 529.72 529.74 530.25 530.57 530.52 530.46 530.16 530.68 530.59 530.5 530.5 530.7 531.07 530.91 530.65 530.44 530.9 531.19 531.29 531.28 531.31 531.14 531.23 531.37 531.65 531.47 531.4 531.76 531.92 531.81 532.48 532.96 533.23 534.14 533.96 533.07 531.14 531.86 532.05 532.95 531.83 530.78 532.73 530.86 531.16 531.13
-9999 -9999 -9999 529.41 529.48 529.43 529.41 529.51 529.31 529.32 529.37 529.62 530.48 530.95 531.31 531.68 531.13 530.48 530.28 530.11 529.82 529.81 529.87 529.61 529.73 529.74 530.08 530.63 530.95 530.6 532.44 530.87 530.59 530.61 530.8 531.14 531.14 530.81 531.18 531.3 531.41 531.31 531.13 531.14 532.14 533.73 532.77 532.05 530.57 530.67 530.78 530.69 531.49 531.38 531.31 530.94 531.24 533.61 533.16 530.74 531.02 531.17 531.36 531.58 531.72 533.6 531.06 530.89 530.87 530.92 531.17 531.23
-9999 -9999 -9999 528.92 529.23 529.37 529.51 529.44 529.68 529.57 529.65 529.55 530.13 530.48 530.89 531.45 531.29 530.97 529.94 529.77 529.82 529.86 529.79 529.73 530.31 531.42 531.56 531.78 531.81 531.05 533.4 531.17 530.39 530.52 530.63 531.05 530.82 530.61 530.95 531.25 531.29 531.27 530.93 531.56 533.55 534.1 533.96 533.59 531.27 530.64 530.85 530.83 531.45 531.45 530.99 531.08 531.3 531.63 531.16 530.65 530.86 531.28 531.57 532.11 531.31 531.8 530.77 530.89 531.05 531.36 531.09 530.91
-9999 -9999 -9999 528.91 529.03 529.55 529.57 529.68 529.51 529.4 529.59 529.42 529.33 529.39 530.05 530.16 530.54 530.44 529.94 529.83 530.13 530.58 530.68 530.74 530.86 531.67 532.25 531.75 532.02 533 533.08 531.05 530.52 530.64 530.6 530.72 530.79 530.92 530.73 531.51 531.18 530.84 530.18 530.92 533.99 534.22 534.28 534.09 530.92 531.12 531.13 531.05 531.13 531.17 531.29 531.19 531.06 531.43 531.11 530.91 531.08 531.52 531.64 533.54 531.77 533.87 530.92 531.14 531.47 532.15 531.86 531.15
-9999 -9999 -9999 529.09 529.3 529.43 529.46 529.47 529.33 529.17 529.33 529.25 529.21 529.12 529.26 529.49 529.67 529.8 529.88 529.67 530.38 530.69 531.13 531.49 531.71 531.97 531.8 531.91 532.02 531.97 531.81 530.47 530.77 530.86 530.62 530.4 530.67 530.94 530.54 531.1 531.02 530.96 530.72 531 532.84 533.79 533.3 533.16 531.13 531.75 531.95 533.06 531.23 531.51 531.36 531.27 531.22 530.93 531.12 531.44 531.71 531.88 531.83 532.42 534.12 534.47 530.72 531 531.35 531.55 531.51 532.06
-9999 -9999 -9999 528.86 528.92 529.08 529.16 529.07 529.91 529.8 529.43 529.4 529.31 529.68 530.13 529.42 529.28 529.37 529.6 529.92 530.37 530.37 531.21 531.75 531.98 531.99 531.84 532.55 531.89 530.86 530.59 530.52 530.75 530.87 530.28 530.37 530.53 530.53 530.54 530.78 530.94 530.15 530.6 531.01 531.14 530.89 531.84 531 531.16 531.66 531.71 531.43 531.18 531.33 531.22 531.56 532.43 532.03 531.51 531.7 532.06 532.13 533.28 532.98 534.06 532.85 530.91 531 530.8 530.76 530.93 531.5
-9999 -9999 -9999 528.7 528.7 528.87 529.04 529.1 529.12 529.06 529.58 529.71 529.82 530.15 529.92 529.35 529.42 529.74 530.56 529.91 530.26 530.56 531.79 531.79 532.08 532.27 532.33 532.73 531.82 530.85 530.33 530.41 530.41 530.31 530.4 530.42 530.28 530 530.85 530.87 530.92 530.2 530.34 530.69 531.15 531.05 533.07 533.12 531.18 531.27 530.66 531 532.16 532.22 531.97 531.92 532.6 532.45 531.58 531.74 531.52 531.57 531.49 531.23 533.34 531.99 531.12 530.97 530.86 530.87 531.1 531.66
-9999 -9999 -9999 529.6 528.8 528.98 529.27 529.7 530.9 529.39 529.67 529.28 529.89 530.34 530.82 529.34 529.58 529.94 529.82 529.7 530.1 530.69 531.21 531.5 531.57 532.13 532.19 531.39 530.98 530.32 530.27 530.44 530.54 530.5 530.3 530.36 530.2 530.36 531.04 531.13 530.91 530.45 530.53 530.9 531.43 531.72 531 534.08 531.92 531.2 530.59 530.82 531.25 531.56 531.39 531.21 532.12 532.05 532.87 533.47 532.99 532.52 532.44 531.66 531.21 531.16 531.2 531.04 530.88 530.98 531.23 531.42
-9999 -9999 -9999 528.86 529.05 529.87 529.65 531.14 532.1 530.77 529.39 529.34 529.42 530.08 530.52 529.52 529.57 529.88 529.49 529.32 529.64 530.66 530.88 531.23 531.43 531.93 531.26 530.89 531.43 531.76 530.78 530.6 530.7 530.64 530.55 530.21 530.3 530.48 530.72 530.93 532.3 531.22 531.72 532.43 533.17 533.51 533.86 533.83 532.17 531.35 531.03 530.61 530.82 530.85 530.83 531.46 532.12 532.62 533.14 534.5 533.36 532.28 532.24 531.76 531.37 531.12 531.21 531.15 531.13 531.15 531.5 531.44
-9999 -9999 -9999 529.36 530.54 530.87 530.45 530.9 531.91 530.33 529.61 529.56 529.43 529.41 529.67 530.15 530.11 530.16 529.83 529.31 529.53 530.08 530.46 531.03 531.68 531.71 531.12 531.46 531.91 531.99 530.7 530.71 530.71 530.52 530.58 530.43 530.45 530.5 530.65 533.76 534.03 533.84 534.15 533.9 534.51 534.52 534.34 534.2 532.32 531.43 531.19 530.68 530.67 530.94 530.75 532.19 533.77 533.17 533.12 533.97 532.35 531.78 531.7 531.47 531.23 531.18 531.06 531.4 531.45 531.27 531.41 531.5
-9999 -9999 -9999 529.72 530.63 530.53 530.11 529.62 529.4 529.19 529.31 529.27 529.38 529.5 529.5 529.96 530.23 530.2 529.75 529.82 529.29 529.93 530.54 531.01 531.54 531.8 531.49 531.63 531.78 531.97 531.11 530.64 530.47 530.16 530 530.22 530.55 530.6 531.64 534.36 534.64 534.91 534.42 533.99 533.49 532.7 534.55 531.67 530.87 531.18 531.21 531.02 531.02 531.01 530.64 530.72 534.12 533.97 533.4 532.13 531.52 531.41 531.39 531.14 530.88 531.04 531.32 531.33 531.31 530.97 531.14 531
-9999 -9999 -9999 528.77 530.24 530.28 529.95 529.63 529.53 529.42 529.38 529.69 529.47 529.64 529.83 530.07 530.14 530.38 530.35 530.02 529.82 530.48 530.71 530.73 531.11 531.06 531.03 530.84 530.6 530.75 530.78 530.81 530.19 529.78 529.7 530.18 531.45 533.05 533.72 534.91 535.12 535.12 534.33 534.03 532.48 531.8 532.56 530.68 530.91 531.03 531.36 531.27 531.22 531.08 530.71 530.52 532.23 534.08 532.78 531.86 531.51 531.32 531.18 531.06 530.81 530.86 531.35 531.38 531.11 530.81 532.22 531.06
-9999 -9999 -9999 528.59 528.84 529.68 529.95 529.93 529.93 529.74 529.85 529.92 529.75 529.92 530.12 530.17 530.4 530.72 530.82 530.71 530.69 531.07 530.93 530.47 530.26 530.3 530.29 530.12 530.02 530.46 530.71 530.6 530.38 530.17 530.09 530.48 533.18 534.21 534.16 533.73 532.95 535.19 534.17 533.32 532.63 531.28 530.77 531.02 530.96 531.14 531.38 531.46 531.26 530.95 530.58 530.52 530.64 530.71 531.45 531.6 531.62 531.47 531.7 531.13 530.95 530.96 531.38 531.44 531.34 533.18 531.36 532.78
-9999 -9999 -9999 528.33 528.44 528.75 530.13 529.85 529.22 529.36 529.51 529.85 530.41 530.56 530.48 530.3 530.23 530.88 531.06 531.05 531.09 531.13 531.26 530.29 530.21 530 530.3 530.19 530.2 530.34 530.43 530.52 530.26 530.67 530.69 530.92 532.98 534.38 534.4 534.27 535.2 535.64 535.17 534.03 533.58 531.23 531.46 531.7 531.13 530.96 531.28 531.65 531.73 531.15 530.6 530.52 530.74 530.88 531.4 531.73 531.57 531.9 532.42 532.07 531.09 530.93 531.11 531.19 531.17 534.36 535.1 532.56
-9999 -9999 -9999 529.36 529.58 529.53 529.46 528.69 528.57 528.54 528.95 529.3 530.27 530.52 529.94 530.24 530.31 530.53 530.91 531.04 531.06 530.65 530.85 530.52 530.48 530.36 530.39 530.83 530.62 530.36 530.51 530.44 530.09 530.34 530.95 531.48 533.03 533.94 531.99 534.29 535.43 536.33 536.28 536.82 536.03 532.34 532.4 532.59 531.22 530.81 531.42 532.19 532.19 531.49 530.89 530.87 530.66 530.79 531.36 531.51 531.64 531.44 531.59 531.44 531.61 531.32 530.9 531.35 532.5 531.91 533.93 531.05
-9999 -9999 -9999 529.46 529.24 529.01 528.44 528.54 528.41 528.38 529.06 529.37 529.84 529.66 529.36 529.87 530.04 530.26 530.68 530.89 530.69 530.74 530.84 530.72 530.64 530.34 529.96 530.13 530.05 530.83 531.33 530.51 530.09 530.17 530.34 530.94 532.33 530.83 531.22 534.25 535.42 536.21 536.6 537.28 536.22 536.44 533.76 533.73 530.55 530.54 531.23 533.07 533.48 531.38 530.82 530.98 530.74 530.71 530.93 530.94 531.13 530.96 531.47 531.44 531.67 531.7 530.73 531 531.69 531.99 534.47 532.07
-9999 -9999 -9999 529.28 528.16 529.85 528.76 528.57 528.5 528.48 531.19 531.84 529.16 528.59 528.79 529.04 529.91 529.98 531.19 531.05 530.09 530.75 530.96 530.98 530.25 529.91 531.78 529.43 528.76 531.87 531.8 531.04 531.02 530.87 530.11 530.43 530.71 530.79 530.9 533.07 536.01 536.6 536.93 537.26 535.76 537.04 534.1 532.21 530.39 530.58 530.85 533.74 534.07 530.5 530.57 530.7 530.76 530.7 530.48 530.44 530.8 531.05 531.39 531.4 531.54 531.7 530.8 530.79 531.36 531.59 532.08 531.43
-9999 -9999 -9999 531.8 529.44 528.36 528.75 528.55 528.61 528.52 528.7 530.11 528.41 528.58 528.74 528.56 528.47 528.82 531.39 531.19 530.1 529.07 530.3 530.22 529.35 529.13 531.77 531.3 531.85 531.77 532.45 531.29 530.78 530.88 529.87 530.42 530.95 531.74 530.52 533.53 535.29 534.73 537.23 537.52 536.34 537.25 537 535.75 530.28 530.75 530.49 530.19 530.2 530.26 530.51 530.7 530.76 530.71 530.57 530.42 530.56 531.08 531.2 531.22 531.37 531.16 530.78 530.73 531.09 531.55 531.45 531.33
-9999 -9999 -9999 531.92 531.51 529.82 528.35 528.46 528.39 528.55 528.62 528.34 528.51 528.63 529.14 529.51 528.52 529.15 531.85 532.33 530.4 528.61 528.71 528.73 530.07 529.17 530.78 530.67 531.46 531.71 532.36 530.63 530.47 530.18 530.33 530.53 530.62 531.46 530.62 530.78 533.39 533.42 537.41 537.19 537.36 536.38 536.17 532.78 530.26 531.06 530.4 530.05 530.06 530.1 530.27 530.62 531.19 531.39 530.78 530.65 530.63 531.1 531.29 531.28 530.96 530.54 530.41 530.95 531.31 531.59 531.81 531.65
-9999 -9999 -9999 528.35 530.37 529.53 528.28 528.41 528.39 528.78 530.09 528.53 528.52 528.58 529.39 530.11 528.63 529.62 531.83 531.71 530.52 528.69 528.62 528.92 530.44 529.97 532.23 531.97 529.38 529.38 529.56 530.24 530.4 530.51 530.63 530.88 530.8 530.74 530.52 531.75 534.97 535.68 537.07 534.28 536.59 536.76 536.87 530.05 530.23 531.15 530.5 530.28 530.18 529.94 530.14 530.46 530.9 531.13 531.09 530.81 530.9 531.07 531.12 531.18 530.61 530.31 530.34 530.79 531.08 531.35 531.64 531.16
-9999 -9999 -9999 528.03 528.05 528.03 528.14 528.39 528.37 530.93 529.97 530.41 528.81 528.41 528.39 528.48 529.17 530.85 530.73 529.7 530.11 529.02 528.76 530.27 531.81 531 532.41 531.93 529.16 528.73 528.84 530.04 530.35 530.48 530.74 531.18 530.98 530.66 531.61 533.65 534.91 535.02 536.19 536.94 536.43 536.94 536.89 534.19 531.29 531.18 531.07 530.63 531.32 531.02 531.36 532.05 530.85 531.26 531.05 530.81 530.61 530.89 530.84 530.6 530.32 530.43 530.64 530.73 530.73 530.73 530.42 530.39
-9999 -9999 -9999 527.89 527.97 528.04 528.21 528.26 528.2 531.15 531.28 529.47 530.39 528.7 528.28 528.51 530.5 530.33 530.13 528.48 531.36 531.28 528.46 528.75 529.44 532.98 532.11 531.72 529.95 528.59 529.5 530.41 530.64 530.68 530.86 530.96 530.86 532.47 531.09 532.32 535.46 535.51 533.22 531.01 536.79 536.72 536.48 532.91 532.16 531.43 532.13 531.73 533.64 533.04 533.37 532.88 531.68 531.15 531.25 530.69 530.11 530.42 530.74 530.06 530.13 530.53 530.7 530.74 530.64 530.64 530.35 530.24
-9999 -9999 -9999 527.93 527.85 527.93 528.02 528.1 528.03 530.06 531.33 529.4 530.94 530.39 530.68 530.76 528.4 528.6 529.66 530.21 530.57 531.35 531.73 530.87 529.03 532.14 530.48 531.54 531.37 530.26 530.66 530.4 530.44 530.77 530.74 531.24 530.76 533.51 532.92 533.51 535.74 535.71 535.67 531.31 530.87 536.74 533.9 534.26 531.62 530.93 536.16 534.42 533.16 532.78 533.77 533.25 532.28 530.84 530.77 530.67 530.6 530.51 530.45 530.02 529.99 530.32 530.5 530.54 530.57 530.39 530.33 530.29
-9999 -9999 -9999 527.89 527.84 527.93 528.62 528.63 528.14 528.12 528.78 530.17 530.76 530.61 531.78 531.89 530.88 528.53 528.44 528.31 528.36 531.22 531.46 529.7 531.06 532.22 530.39 528.76 531.63 531.48 530.94 529.27 530.29 530.72 530.39 531.93 531.2 534.6 534.95 535.25 535.15 534.84 535.6 533.97 536.21 536.72 533.31 536.24 533.92 535.22 536.06 535.89 532.67 533.29 533.41 533.67 532.33 530.79 530.37 530.45 530.93 530.81 530.26 529.97 529.84 530.07 530.17 530.27 530.74 530.35 530.55 530.36
-9999 -9999 -9999 527.92 527.82 528 527.87 528.21 527.99 528 527.94 529.06 529.53 529.39 530.1 530.5 531.15 528.37 528.5 528.38 528.15 529.73 530.11 531.9 530.93 532.11 529 528.41 531.01 531 530.7 530.17 530.77 530.16 530.33 530.66 530.89 531.6 531.94 533.52 535.01 535.09 535.51 536.15 536.34 536.3 535.68 536.28 536.38 536.14 536.11 536.06 532.99 533.42 533.06 532.52 531.75 532.05 530.13 530.35 530.35 530.12 529.3 529.32 529.83 529.85 529.81 530.07 530.9 531.04 531.34 531.69
-9999 -9999 -9999 528.4 528.82 529.44 529.56 530.51 530.37 528.02 528.04 527.97 528.12 528.15 528.63 529.59 529.29 528.27 528.24 528.35 528.19 528.76 530.77 531.63 531.66 529.32 530.26 528.43 528.5 528.83 529.2 529.39 531.71 530.08 530.33 531.02 534.12 531.12 530.71 535.08 533.08 532.96 535.47 536.21 535.98 534.92 535.36 536.74 535.99 535.68 535.93 530.14 532.09 533.1 532.11 530.86 531.81 531.9 530.32 530.18 529.64 529.48 529.69 528.93 529.42 529.96 530.07 529.98 530.56 531.32 531.46 531.97
-9999 -9999 -9999 528.42 528.66 530.76 531.16 531.26 531.97 531.44 527.98 527.95 529.06 528.18 529.51 529.34 528.35 528.24 528.72 528.29 530.46 531.15 531.55 529.82 531.45 530.45 531.17 530.44 530.67 530.63 530.15 531.91 531.62 530.3 530.31 530.72 530.7 533.54 531.18 531.81 534.78 535.16 535.67 534.91 535.43 535.64 532.56 534.46 532.52 529.85 529.85 529.92 530.23 530.22 529.6 530.14 530.38 530.54 530.46 530.03 529.57 529.77 529.84 529.51 529.62 529.92 529.85 529.86 530.19 530.24 530.51 530.68
-9999 -9999 -9999 528.98 529.77 531.34 531.33 531.62 532.1 531.61 527.89 527.92 528.15 528.78 529.56 529.32 530.41 530.34 530.8 530.56 531.65 531.92 531.37 531.47 530.48 530.31 531.83 531.64 531.35 531.23 532.3 531.68 531.02 530.02 530.06 530.66 530.56 530.26 530.14 534.06 532.46 532.75 535.46 535.41 534.15 534.45 530.85 534.3 533.64 529.97 530.54 530.48 530.24 530.78 529.97 529.75 530.16 530.11 530.08 529.93 529.53 529.78 529.9 529.92 530.14 530.31 530.59 530.55 530.16 530.01 529.95 529.76
-9999 -9999 -9999 528.69 527.98 528.52 530.01 528.14 529.98 531.21 530.18 527.86 529.51 530.18 528.05 527.97 530.3 530.2 531.26 529.91 530.57 530.9 528.47 528.1 528.07 530.89 532.08 532.3 530.33 531.26 531.67 530.53 529.89 529.71 530.2 530.36 530.31 530.15 530.02 530.04 529.72 529.58 529.51 529.59 529.25 530.17 531.94 529.59 531.17 530.31 531.54 530.6 530.55 530.71 530.34 529.69 529.78 529.81 529.83 529.66 529.21 529.45 529.74 530.04 530.25 530.69 530.53 530.58 530.38 530.18 529.89 529.74
-9999 -9999 -9999 530.36 527.88 527.73 527.72 527.76 527.73 530.02 529.56 527.93 529.49 530.57 529.24 527.93 527.92 529.59 528.93 529.34 529.16 529.14 528.76 528.26 528.18 529.52 531.82 529.13 529.98 530.75 530.55 529.95 530.01 529.92 530.49 531.3 530.17 529.8 529.73 529.74 529.53 529.15 529.01 529.16 529.14 529.23 529.16 529.37 529.77 533.92 533.36 530.87 530.45 530.51 529.77 529.53 529.64 530.03 529.9 529.63 529.2 529.53 529.72 529.48 529.92 529.98 530.23 530.19 530.19 530.62 529.92 530
