tests/GridSurface/491_930.asc
ncols 130
nrows 1000
xllcorner 491870
yllcorner 930000
cellsize 1
nodata_value -9999
[rows 384 to 415 of 1000, columns 0 to 71 of 130]
-9999 529.02 528.84 529.09 529.31 529.37 529.47 530.57 530.11 529.65 529.32 530.11 529.8 529.51 529.64 529.77 530.14 530.35 530.38 530.61 530.24 530.08 530.38 530.34 530.52 530.76 530.76 530.5 530.59 530.86 530.58 530.47 530.26 530.6 530.8 530.58 530.42 530.68 531.07 531.29 531.1 531.12 530.99 530.93 530.85 530.83 531.1 530.89 531.3 531.27 531.42 531.2 531.34 531.39 531.48 531.46 531.17 531.16 531.02 530.91 530.89 531.09 531.23 531.4 531.4 530.96 530.88 530.92 531.34 531.41 531.69 531.45
-9999 528.88 528.96 529.16 529.26 529.48 529.56 529.66 529.38 529.45 529.36 529.39 529.81 529.53 529.46 529.69 530.09 530.16 530.39 530.51 530.67 530.28 530.47 530.42 530.42 530.71 530.93 530.54 530.48 530.67 530.51 530.26 530.26 530.6 531.06 530.76 530.62 530.54 530.65 531.06 531.08 531.1 530.91 530.74 530.86 530.89 531.27 530.93 531.45 531.28 531.55 531.47 531.65 531.55 531.4 531.31 531.25 531.17 530.93 530.82 531.01 530.89 530.72 530.84 530.84 530.73 530.73 530.69 530.91 531.02 531.18 531.06
-9999 528.86 528.85 529.07 529.36 529.49 529.47 529.3 529.05 529.21 529.39 529.72 529.64 529.66 529.58 529.78 530.07 530.28 530.31 530.35 530.19 530 530.08 530.17 530.23 530.4 530.98 530.9 530.3 530.52 530.25 530.26 530.31 530.57 530.88 530.6 531.14 530.65 530.63 530.82 530.94 530.84 530.72 530.59 531.84 531.21 531.16 531.15 531.83 531.29 531.79 531.59 531.56 531.62 531.37 531.17 531.31 531.16 530.87 530.99 531.09 530.9 531.55 531.37 531 530.88 530.97 530.63 530.87 531.02 531.04 531.04
-9999 529.14 529.42 529.15 529.46 529.52 529.4 529.14 529.21 529.27 529.43 529.36 529.56 529.6 529.59 529.77 529.9 530.23 530.25 530.37 529.96 530.14 530.02 530.38 530.19 530.65 530.87 530.41 530.27 530.73 530.27 530.17 530.53 530.42 530.8 530.74 530.68 530.78 530.91 530.87 530.77 530.79 530.72 530.61 530.98 531.09 531.43 531.14 531.8 531.19 531.47 531.51 531.52 531.57 531.62 531.25 531.02 531.16 530.86 530.93 530.65 531.03 531.22 531.18 531.23 531.56 531.48 530.95 530.75 530.98 531.13 531.12
-9999 -9999 529.55 529.57 529.35 529.48 529.47 529.33 529.42 529.09 529.19 529.52 529.41 529.61 530.19 529.89 529.92 530.1 530.1 530.44 530.49 530.24 530.34 530.76 530.46 530.67 530.65 530.53 530.81 530.47 530.29 530 530.45 530.42 530.42 530.52 530.55 531.12 530.84 530.82 530.74 530.84 530.76 530.76 530.85 531.14 530.92 530.74 530.77 530.91 531.13 531.41 531.15 531.11 530.96 530.78 530.62 531.04 530.91 530.59 530.41 530.62 530.92 531.1 531.29 531.04 530.76 530.91 531.2 531.36 531.06 530.75
-9999 -9999 528.86 528.97 529.37 528.97 529.14 529.2 529.27 529.05 529.1 529.39 529.2 529.97 530.02 529.98 530 530.25 529.94 530.07 530.75 530.26 529.92 530.3 530.7 530.58 530.82 530.75 530.62 530.53 530.28 530 530.35 530.41 530.08 530.32 530.44 530.61 530.62 530.79 530.95 530.84 530.63 530.82 530.87 530.92 530.8 530.85 531.1 530.88 531.11 531.28 530.92 530.82 530.96 530.98 530.75 530.75 530.77 530.78 530.75 530.79 530.87 531.18 530.93 530.4 530.52 530.86 531.07 530.88 530.37 530.48
-9999 -9999 528.79 528.96 528.93 528.9 528.99 528.98 529.15 529.14 529.02 529.51 529.95 530.01 530.01 529.89 529.8 529.96 530.11 529.97 529.97 530.05 529.75 530.04 530.64 530.51 530.61 530.47 530.12 530.04 530.21 530.33 530.38 530.13 530.05 530.47 530.51 530.67 530.46 530.36 530.4 530.32 530.4 530.43 530.46 530.68 530.84 530.68 530.96 531.04 530.93 530.73 531.7 531.08 531.06 530.94 530.48 530.64 530.49 530.6 530.77 530.5 530.36 530.98 530.68 530.46 530.53 530.42 530.82 530.2 529.97 530.13
-9999 -9999 528.6 528.71 528.95 528.66 528.89 528.85 529.17 529.25 529.28 529.86 530.03 530.02 529.89 529.61 529.91 530.2 530.38 530.22 529.87 530.2 530.52 530.1 530.02 530.31 530.21 530.01 529.77 529.87 529.89 529.92 529.94 529.95 530.1 530.11 529.93 530.18 530.23 530.15 530.18 530.05 530.38 530.47 530.44 530.55 530.8 531 531.32 531.33 530.97 530.9 531.24 531.18 530.71 530.86 530.7 530.89 530.72 530.37 530.3 530.82 530.52 530.17 530.26 530.98 530.73 530.44 530.55 530.17 530.51 530.3
-9999 -9999 528.6 528.78 528.75 528.57 529.28 528.95 529.12 529.42 529.81 529.78 529.87 529.61 529.52 529.27 530.2 530.28 530.54 530.31 530.1 530.42 530 529.77 529.83 530.11 530.22 529.97 529.67 529.93 529.93 530.04 530.02 530.24 530.03 529.97 530.02 530.13 530.09 530.24 530.27 530.17 530.17 530.19 530.44 530.64 530.72 530.68 530.9 530.96 531.01 531.17 531.35 531.31 530.87 530.79 531.09 530.59 530.32 530.24 530.34 530.56 530.2 530.08 529.98 530.24 530.24 530.47 530.11 530.07 530.37 530.96
-9999 -9999 528.68 528.99 528.56 528.62 528.72 529 528.93 529.52 529.97 529.67 529.6 529.69 529.71 529.7 529.47 529.18 530.03 530.13 529.99 530.33 530.05 529.81 529.92 530.03 530.47 529.94 529.93 530.24 530.42 530.04 530.11 530.31 530.13 530.34 530.17 530.2 530.15 530.29 530.36 530.04 530.04 530.08 530.28 530.4 530.62 530.74 530.61 530.75 530.84 530.81 530.72 530.73 530.34 530.41 530.43 530.43 530.36 530.03 530.11 530.08 530 529.89 529.86 530.04 530.19 530.16 529.88 529.75 529.83 530.56
-9999 -9999 529.01 529 528.6 528.58 528.79 528.89 528.92 529.06 529.28 529.31 529.35 529.48 529.67 529.74 529.54 529.29 529.55 529.92 530.28 530.02 529.81 529.83 529.68 529.61 529.83 529.81 530.06 530.22 530.5 530.26 530.15 530.33 530 530 529.99 530.18 530.16 530.34 530.41 530.11 530.11 530.2 530.35 530.31 530.4 530.59 530.45 530.78 530.92 530.51 530.43 530.75 530.62 530.79 531.33 530.66 530.35 530.12 530.31 530.36 530.05 529.89 530.28 530.25 529.84 529.85 529.61 529.52 529.41 530.13
-9999 -9999 528.91 528.96 528.87 528.65 528.84 528.86 528.99 529.29 529 529.3 529.4 529.32 529.49 529.66 532.33 529.62 529.74 529.73 529.87 530 530.05 530.05 529.8 529.67 529.81 529.76 529.87 530.11 530.13 530.06 529.79 529.95 530.04 529.8 529.85 530.22 530.1 530 530.28 530.15 530.1 530.31 530.42 530.36 530.26 530.78 530.39 530.23 530.35 530.41 530.61 531.16 531.3 530.77 531.05 530.87 530.85 530.16 530.63 530.98 530.29 530.03 530.38 530.16 529.75 529.88 529.66 529.58 529.49 529.74
-9999 -9999 528.98 529.03 528.66 528.85 528.97 528.82 528.88 528.89 529 529.45 529.91 529.39 529.36 529.77 533.45 530.64 530.92 531.44 529.57 529.74 531.09 530.59 529.67 529.53 530.08 530 529.76 529.78 529.67 529.63 529.75 529.73 529.71 529.74 529.88 529.79 530.04 530.54 530.7 530.01 530.06 530.2 530.34 530.42 530.48 530.64 530.76 530.56 530.45 530.6 530.38 530.9 530.9 530.72 530.32 530.41 530.79 531.12 530.95 530.64 530.26 530.17 530.49 530.11 529.81 529.7 529.52 529.34 529.39 529.43
-9999 -9999 529.35 529.2 528.84 528.85 528.85 528.85 529.1 529.13 529.24 529.3 529.35 529.58 531.93 534.37 533.14 531.82 536.28 533.22 529.29 530.51 530.88 529.83 529.69 529.51 529.58 529.83 530.03 530.03 529.78 529.7 529.75 529.91 529.85 529.82 530.02 529.78 530.06 530.28 530.25 530.17 530.14 529.99 530.26 530.61 530.55 530.44 530.48 530.35 530.49 530.17 530.59 530.71 530.91 530.35 530.05 530.73 530.39 530.68 530.83 530.76 530.29 530.55 530.5 530.23 529.85 529.54 529.59 529.32 529.83 529.4
-9999 -9999 529.14 529.23 528.9 528.77 528.66 528.57 528.75 528.93 529.04 529.15 529.14 529.14 531.43 531.96 536.77 536.93 536.43 535.45 530.69 533.46 530.19 529.8 529.86 529.54 529.59 529.64 529.77 529.82 529.78 529.71 529.68 530.07 529.9 529.61 529.61 529.81 529.91 530.19 530.19 529.94 529.87 530.12 530.23 530.52 530.38 530.69 530.66 530.12 530.15 530.42 530.66 530.84 531.17 530.37 530.83 530.57 530.31 530.52 530.43 530.42 530.22 530.34 530.05 530.13 529.6 529.34 529.29 529.27 529.56 529.39
-9999 -9999 529.09 529.86 529.41 529.1 528.87 528.62 528.55 528.67 529.01 529.26 529.32 529.71 529.52 534.51 536.37 536.55 536.26 535.99 533.56 529.5 529.75 529.84 530 529.82 529.83 529.81 529.84 529.92 530.02 529.75 529.95 530.08 529.96 530.06 529.97 529.67 529.88 530.03 530.17 530.13 531.23 530.81 530.55 530.22 530.14 530.68 530.35 530.64 530.26 530.19 531.08 531.22 530.59 530.51 531 530.54 530.28 530.11 530.27 529.76 529.47 529.96 529.94 529.58 529.39 529.01 529.18 529.26 529.48 529.6
-9999 -9999 529.58 529.77 529.99 529.46 528.96 528.49 529.61 530.14 529.33 528.94 528.93 530.65 529.1 534.03 535.64 535.92 533.45 533.05 529.95 530.1 529.91 529.82 529.87 529.67 529.86 529.96 529.54 529.63 529.7 529.87 529.76 529.92 529.79 530.21 530.33 530.28 529.53 529.68 529.87 530.23 530.88 530.76 529.92 530.12 530.59 530.57 530.2 530.6 530.14 530.36 530.63 531.05 530.04 530.08 530.32 530.3 530.09 529.65 530.06 529.3 529.85 530.05 529.85 529.57 529.29 529.2 529.4 529.41 529.51 529.75
-9999 -9999 530.15 528.88 529.14 529.33 528.96 529.04 530.61 530.81 529.34 528.93 529.62 532.09 530.88 532.9 534.72 534.56 534.26 531.65 529.52 529.34 529.53 529.68 529.59 529.59 529.91 529.8 529.64 529.62 529.44 529.65 529.76 530.16 529.7 529.93 529.76 529.66 529.75 529.66 529.81 529.84 530.37 530.29 530.06 530.17 530.23 530.92 530.25 530.17 530.28 530.42 530.71 530.87 530.14 529.85 529.87 529.98 529.89 529.72 529.73 529.41 529.86 529.79 529.92 529.76 529.62 529.01 529.28 529.29 529.34 529.69
-9999 -9999 529.12 528.59 528.45 529.14 528.83 529.44 529.84 529.3 528.76 529.02 531.7 537.68 537.38 538.92 538.38 532.23 531.07 529.82 529.3 529.22 529.4 529.67 529.58 529.67 529.58 529.58 529.84 529.82 529.45 529.5 529.65 529.82 529.87 529.64 529.79 529.63 529.65 529.58 529.69 530.05 530.62 530.49 529.73 530.14 530.58 530.53 531.12 530.65 530.33 530.42 530.16 530.42 530.26 530.24 530.37 530.01 530.04 529.56 529.59 529.59 530.01 529.27 529.39 529.41 529.39 528.94 528.85 529.4 529.14 529.33
-9999 -9999 529.52 529.45 529.73 530.19 529.69 529.82 538.56 530.29 534.05 529.63 537.28 537.82 539.62 539.48 538.86 530.94 530.01 529.38 529.28 529.59 529.74 529.75 529.73 529.71 529.55 529.69 529.85 529.66 529.62 529.45 529.48 529.4 529.78 529.76 529.88 529.54 529.58 529.67 530.16 530.41 530.32 530.58 530.07 530.04 530.53 530.7 530.95 530.57 530.65 530.63 530.55 530.43 530.46 530.8 530.16 529.94 529.82 529.39 529.47 529.57 529.86 529.14 529.12 529.59 529.77 529.06 528.64 528.84 528.25 528.73
-9999 -9999 529.31 529.83 529.68 529.66 529.74 530 543.9 543.11 533.66 528.78 536.64 538.94 539.48 539.18 535.32 537.75 529.59 529.23 529.25 529.48 529.92 529.72 529.73 529.89 529.56 529.59 529.52 529.63 529.62 529.79 529.8 529.55 529.44 529.66 529.63 529.52 529.64 529.65 530.06 530.28 530.36 530.24 530.02 529.8 530.09 530.48 530.68 530.4 530.38 530.61 530.44 530.52 530.54 530.07 530.09 529.81 529.57 529.31 529.96 529.23 528.96 529.13 529.49 529.56 529.48 528.93 528.52 528.38 528.58 528.74
-9999 -9999 528.87 528.96 528.63 528.65 528.94 528.89 539.49 545.34 543.17 535.05 540.02 541.13 539.41 539.26 538.75 529.22 529.71 529.12 529.01 529.29 529.54 529.34 529.69 529.5 529.26 529.38 529.35 529.41 529.6 529.66 529.88 529.91 529.6 529.63 529.51 529.39 529.59 530.63 530.57 530.23 529.99 529.94 529.44 529.92 530.11 530.37 530.33 530.18 530.16 530.28 530.03 529.87 529.57 529.69 530.44 529.92 530.04 529.85 529.85 529.15 528.67 528.85 529.2 529.11 529.01 528.72 528.32 528.09 528.36 528.13
-9999 -9999 528.46 528.32 528.34 528.49 528.45 528.69 536.63 542.16 544.99 544.8 544.06 538.72 532.47 538.13 529.13 529.43 529.63 529.52 529.18 529.08 529.21 529.38 529.76 529.56 529.35 529.22 529.27 529.24 529.6 529.72 529.99 529.85 530.03 529.81 529.57 529.55 529.83 530.12 530.05 530 529.97 529.93 529.69 530.1 530.19 530.27 530.3 530.04 530.02 529.92 529.62 529.86 529.9 529.92 529.97 529.95 529.89 529.15 528.92 528.93 528.93 529 529.14 529.19 528.31 528.46 528.24 527.9 528 528.27
-9999 -9999 528.29 528.23 528.36 528.63 528.61 528.66 544.03 541.76 544.19 543.64 534.03 532.1 530.42 531.05 528.98 529.14 529.27 529.33 529.56 529.1 529.16 529.15 529.26 529.1 529.28 529.51 529.17 529.56 529.69 529.85 529.77 529.67 529.73 529.41 529.47 529.47 529.45 529.96 529.96 529.67 529.68 529.87 530.1 530.28 530.02 529.99 530.15 530.13 530.12 530.01 529.7 529.77 530.06 530.07 530.32 529.59 528.93 528.83 528.98 528.75 528.88 528.99 529.04 529.28 528.42 528.33 528.62 528.34 528.33 528.12
-9999 -9999 528.54 528.22 528.26 528.51 528.52 528.49 532.15 537.12 539.72 537.74 532.71 529.28 529.24 529.33 528.9 529.08 528.95 529.21 529 528.96 528.89 529.55 529.02 528.88 529.19 529.46 529.49 529.68 529.68 529.52 530.1 529.75 529.68 529.4 529.22 529.2 529.38 529.57 529.78 529.6 529.72 529.75 529.87 529.95 529.9 529.99 530.27 530.18 529.85 529.62 529.68 529.99 530.34 530.26 529.93 529.79 529.14 528.77 528.63 528.63 528.72 528.97 528.97 528.69 528.58 528.2 528.23 528.29 528.35 527.77
-9999 -9999 528.29 528.23 528.28 528.46 528.4 528.35 528.24 528.47 528.39 528.21 528.52 528.6 529.25 528.98 529 529.19 529.25 529.17 528.68 529.03 528.97 529.5 529.06 528.98 529.07 529.29 529.13 529.23 529.31 529.24 529.25 529.22 529.09 529.12 528.98 529.41 529.77 529.43 529.58 529.37 529.7 529.94 530.2 529.98 529.91 529.89 529.92 530.01 529.64 529.72 530.06 530.46 530.63 530.36 530.23 530.15 529.54 529.17 528.81 528.46 528.48 528.79 528.88 528.72 528.6 528.16 528.38 528.51 528.2 527.7
-9999 -9999 528.02 528.26 528.6 528.56 528.49 528.39 528.35 528.48 528.48 528.35 528.49 528.63 528.84 529.1 529.31 529.43 529.05 529.06 528.81 528.54 528.81 529.12 529.07 529.43 529.37 528.86 528.92 529.33 529.3 529.13 528.98 529.09 529.11 529.07 529.06 529.36 529.42 529.3 529.32 529.32 529.66 530.15 530.32 530.39 529.46 529.68 529.84 529.69 529.57 529.98 530.67 530.57 530.64 530.53 530.36 530.26 529.49 528.89 528.7 528.48 528.65 528.44 528.61 528.67 528.49 528.45 528.48 528.22 527.77 527.71
-9999 -9999 528.23 528.28 528.5 529.12 528.97 528.56 528.37 528.34 528.45 528.31 528.2 528.19 528.29 528.84 529.24 529.01 529.07 529.28 529.33 528.6 528.73 528.95 528.7 529.17 528.97 528.93 528.69 528.94 529.1 528.99 528.85 528.98 528.99 529.15 529.08 529.22 529.28 529.32 529.22 529.25 529.72 530.07 530.18 529.88 529.3 529.46 529.79 529.62 530 529.91 530.46 530.59 530.52 530.29 530.24 530.23 529.73 528.49 528.25 528.15 528.28 528.11 528.21 528.53 528.25 528.31 528.09 527.62 527.32 527.61
-9999 -9999 528.26 528.38 528.64 528.92 529.23 529.18 529.26 528.7 528.56 528.45 528.6 528.46 528.55 528.76 528.94 528.74 529.23 529.15 528.82 528.43 529.07 529.03 528.76 528.65 528.81 528.67 528.55 528.98 528.98 528.62 528.87 529.09 528.92 532.63 529.71 537.5 534.6 529.1 528.94 529.03 529.31 529.83 529.96 530.06 529.69 529.66 529.61 529.81 530.32 530.2 530.31 530.41 530.13 529.85 529.97 529.87 529.57 529.35 528.56 528.21 528.09 527.93 528.18 528.49 528.24 528.35 527.96 527.73 527.48 527.46
-9999 -9999 528.38 528.7 529.16 528.77 529.03 529.1 528.68 528.2 528.12 528.38 528.46 528.43 528.5 528.56 528.52 528.58 528.99 529.38 528.94 528.69 529.43 529.19 528.54 528.9 528.67 528.57 528.62 528.8 528.84 528.92 528.96 528.92 528.82 529.92 537.91 537.99 536.35 532.46 529.3 529.15 529.48 529.57 529.95 530.12 529.99 530.29 530.5 530.29 530.35 530.17 529.99 529.83 529.74 529.53 529.69 529.46 529.24 528.6 528.39 528.16 527.92 527.84 528.11 528.32 528.23 528.17 527.86 527.55 527.33 527.14
-9999 -9999 528.01 528.69 528.76 528.4 528.6 528.55 528.25 528.19 528.22 528.55 528.77 528.22 528.62 528.31 528.34 528.38 528.52 529.03 529.22 529.2 529.34 528.7 528.74 528.46 528.44 528.4 528.62 528.8 528.66 529.06 529.26 528.83 532.9 529.72 541.78 536.08 536.07 539.94 529.47 529.24 529.45 529.51 529.62 529.8 529.89 531.23 531.23 530.48 529.92 529.16 529.63 529.29 529.06 529.32 529.28 528.92 528.53 528.06 528.02 528.14 528.29 527.96 527.82 527.84 528.17 527.99 527.59 527.67 527.51 527.06
-9999 -9999 527.95 528.25 528.25 528 528.38 528.46 528.75 528.55 528.8 528.51 528.92 528.4 528.15 528.29 528.37 528.31 528.58 528.79 529.21 529.02 528.89 528.72 528.89 528.41 528.85 529.43 529.07 528.99 529.2 529.09 529.31 528.88 529.14 534.13 544.74 542.67 532.91 534.28 529.2 529.02 529.7 529.75 529.42 529.64 530.9 531.55 531.16 530.62 529.62 528.91 529.14 529.02 529.2 529.17 528.79 528.53 528.4 527.99 528 528.25 528.21 528 527.83 527.76 527.87 527.62 527.26 527.12 527.22 527.45
