tests/GridSurface/491_930.asc
ncols 130
nrows 1000
xllcorner 491870
yllcorner 930000
cellsize 1
nodata_value -9999
[rows 224 to 255 of 1000, columns 0 to 71 of 130]
-9999 533.28 533.24 533.11 533.36 533.42 533.52 533.32 533.54 533.63 533.6 533.63 533.43 544.3 546.36 546.55 546.64 545.11 534.2 533.82 533.45 533.71 533.71 533.82 533.9 533.94 533.91 533.58 533.37 533.53 540.33 537.2 532.69 543.04 541.43 540.4 534.77 533.97 534.02 534.91 535.59 535.61 534.68 535.1 535.18 534.52 533.24 532.49 532.73 534.43 536.04 535.22 533.06 533.41 533.43 532 532.35 532.97 533.94 533.68 531.24 531.3 531.25 531.26 531.34 531.02 531.3 532.6 537.63 545.15 546.79 546.36
-9999 533.23 533.27 533.38 533.38 533.39 533.36 533.31 533.35 533.45 533.7 533.75 533.45 540.24 540 537.01 534.12 536.26 534.06 533.89 533.72 533.76 533.79 533.71 533.62 533.83 533.77 533.81 533.81 533.51 536.22 544.33 541.79 545.36 545.24 544.72 535.13 534.32 533.39 535.65 535.97 535.31 532.77 533.88 533.98 533.27 532.56 531.73 533.19 533.81 535.23 536.36 534.53 533.43 533.09 531.68 531.29 531.96 532.79 533.18 531.81 531.64 531.66 531.8 532.36 531.18 531.15 531.71 538.27 545.52 543.81 545.45
-9999 533.45 533.8 533.91 533.3 533.32 533.26 533.35 533.61 533.44 533.51 533.75 533.81 533.5 533.72 534.01 534.21 534.13 534.04 534.02 533.66 533.63 533.59 533.72 533.41 533.38 533.84 533.67 533.59 533.51 533.38 540.83 541.58 544.94 543.25 539.63 535.73 535.32 534.03 533.18 533.25 534.29 532.87 532.9 532.35 532.32 532.12 532.94 533.1 533.63 535.4 535.4 534.07 532.87 533.02 532.27 531.14 531 531.72 531.82 531.86 531.98 532.36 532.28 531.76 530.86 530.93 531.67 533.36 534.06 537.49 544.13
-9999 533.41 533.07 533.25 533.07 533.18 533.35 533.45 533.52 533.35 533.63 533.64 533.46 533.55 533.71 533.86 533.9 533.99 533.91 533.96 533.67 533.66 533.54 533.53 533.44 533.42 533.41 533.42 533.38 533.43 533.53 533.13 542.91 535.8 535.85 535.28 534.72 533.81 534.45 534.96 534.38 533.99 534.49 534.34 532.8 532.87 532.08 532.05 532.42 533.29 532.84 533.64 533.57 532.7 532.97 532.17 531.46 531.52 532.98 532.93 531.79 532.1 532.47 532.63 532.8 532.04 531.37 531.65 532.04 532.18 536.17 536.36
-9999 533.43 533.26 533.19 533.28 533.23 533.46 533.46 533.68 533.67 533.71 533.62 533.57 533.7 533.73 533.63 533.82 533.79 533.82 533.8 533.63 533.6 533.62 533.37 533.35 533.44 533.5 533.44 533.5 533.66 533.67 533.33 533.32 533.89 536.04 534.85 533.16 532.77 534.54 534.79 533.04 533.3 534.48 535.05 532.8 532.83 532.38 531.89 531.64 532.07 533.6 534.36 534.09 532.98 532.86 532.16 531.28 531.55 532 532.43 531.84 531.82 532.11 532.36 532.89 532.33 531.23 531.32 531.49 532.87 536.15 538.98
-9999 533.48 533.32 533.46 533.54 533.37 533.47 533.73 533.62 533.7 533.77 533.48 533.61 533.66 533.61 533.39 533.35 533.55 533.52 533.62 533.5 533.48 533.59 533.61 533.55 533.36 533.57 533.64 533.7 533.45 533.48 533.3 533.51 532.94 533.18 532.82 533.08 533.79 533.38 535.7 532.34 532.49 532.67 532.79 532.45 532.79 532.65 532.4 532.15 532.21 533.2 532.75 532.07 531.66 532.18 531.65 531.36 531.53 532.09 532.31 531.76 531.91 532.17 532.28 532.48 532.33 531.7 531.62 533.11 535.38 535 537.95
-9999 533.62 533.76 533.91 533.63 533.56 533.4 533.82 533.74 533.62 533.83 533.49 533.49 533.64 533.59 533.43 533.36 533.25 533.42 533.63 533.65 533.79 533.72 533.7 533.65 533.63 533.56 533.58 533.78 533.59 533.53 533.27 543.45 533.25 538.87 532.76 533.11 532.62 532.81 532.67 532.35 532.28 532.39 532.4 532.07 532.2 532.47 532.22 532.2 532.33 532.4 531.85 531.69 531.8 531.56 531.24 531.17 531.68 532.53 532.28 531.82 531.97 531.97 532.2 532.74 533.02 532.16 533.46 534.61 531.94 535.72 537.98
-9999 533.48 534.05 533.93 533.56 533.71 533.6 533.54 533.65 533.64 533.6 533.7 533.65 533.51 533.5 533.37 533.21 533.23 533.57 533.5 533.51 533.74 533.72 533.78 533.93 534.02 533.69 533.59 533.78 533.64 533.48 540.03 537.51 535.41 546.26 532.75 533.19 533.28 532.95 532.64 532.5 532.29 532.5 532.48 532.36 532.58 532.37 532.06 532.09 532.27 532.16 532.28 532.34 531.81 531.62 531.55 531.42 531.98 532.48 532.78 532.81 533.8 533.9 533.51 533.41 533.57 536.83 534.3 535.1 533.32 533.81 538.14
-9999 533.36 533.81 533.48 533.42 533.49 533.55 533.65 533.63 533.62 533.58 533.52 533.58 533.61 533.53 533.36 533.55 534.93 533.5 534.22 534.59 533.69 533.96 534.25 537.13 534.05 533.93 544.13 538.9 534.89 547.14 544.91 549.78 542.9 539.7 533.02 533.28 533.59 533.53 533.04 532.64 532.62 533.07 532.98 532.28 531.93 532.01 532.1 532.14 532.27 532.4 532.49 532.45 531.99 531.6 531.81 531.62 531.59 532.69 533.62 534.31 534.27 534.2 532.98 533.72 533.49 532.57 544.54 545.12 538.31 531.15 537.31
-9999 533.53 533.83 533.52 533.39 533.59 533.62 533.73 533.84 533.7 533.73 533.36 533.62 533.4 533.49 533.61 533.65 533.77 536.27 536.57 534.81 535.74 533.87 536.51 540.46 542.52 545.97 550.23 547.93 537.51 533.6 537.97 547.92 549.68 546.61 545.59 538.8 533.74 533.31 532.9 532.91 532.79 533.12 532.97 532.25 532.12 532.62 531.93 531.94 531.97 532.07 532.22 531.86 531.75 531.88 531.85 531.78 531.54 531.49 532.38 534.07 534.29 533.66 533.21 532.52 540.92 535.67 545.38 545.85 545.53 536.95 533.44
-9999 533.77 533.87 533.49 533.53 533.69 533.49 533.77 534.09 533.68 533.75 533.69 533.59 533.44 533.33 533.61 534.83 536.57 535.21 537.47 537.1 533.73 533.69 538.53 540.35 534.64 546.53 545.68 542.31 533.84 549.71 549.96 550.48 550.14 549.87 539.92 546.23 547 535.66 534.05 533 532.68 532.68 532.75 532.14 532.2 532.29 531.92 531.95 531.79 531.78 532.33 532.09 531.7 532.09 531.78 531.63 531.47 531.3 531.74 532.24 532.44 533.13 533.51 532.25 538.31 536.22 537.88 542.85 545.48 538.16 531.44
-9999 533.58 533.74 533.67 533.67 533.87 533.67 533.81 533.82 533.94 533.8 533.69 533.5 533.42 533.45 533.47 534.03 534.59 538.41 538.25 537.52 535.1 542.31 541.97 546.27 544.15 550.83 550.16 550.19 546.59 549.27 548.78 549.38 549.35 545.74 537.41 547.27 547.13 546.88 533.99 533.15 532.56 532.63 532.38 532.56 532.11 532.22 532.16 531.71 531.69 531.8 531.86 531.89 531.98 532.31 532.17 532.25 531.91 531.68 531.93 532.13 532.21 533.01 532.4 536.32 547.13 544.18 540.45 546.62 545.72 540.74 531.72
-9999 533.73 533.59 533.5 533.59 533.68 533.68 533.52 533.77 533.74 533.68 533.77 533.75 533.66 533.84 533.54 534.81 534 537.96 537.76 535.86 533.61 540.26 537.51 541.58 552.29 551.07 551.35 534.29 533.17 542.42 540.4 548.44 549.41 534.79 538.99 543.25 547.04 540.38 534.47 532.66 532.51 532.52 532.5 532.46 532.15 532.12 532.14 531.79 531.64 531.77 532.04 531.99 531.86 531.9 532.16 532.09 531.74 531.61 531.72 531.96 532.11 543.38 544.56 538.01 534.2 540.78 549.57 546.94 535.13 543.73 538.14
-9999 533.72 533.82 533.67 533.72 533.63 533.46 533.55 533.68 533.6 533.39 533.54 533.89 533.69 533.55 533.75 533.73 533.36 533.54 534.79 535.86 533.92 541.57 549.87 550.4 550.93 552.18 551.24 544.03 546.74 541.66 536.75 540.96 538.42 533.81 533.92 536.26 533.48 533 532.81 532.49 532.42 532.56 532.69 532.31 532.11 531.93 531.94 531.67 531.74 531.86 531.84 531.63 532.09 531.93 531.76 531.71 531.89 531.7 531.89 531.64 532.09 534.97 539.76 540.88 541.83 548.45 547.57 547.51 539.78 531.95 532.1
-9999 533.71 533.94 533.63 533.47 533.66 533.44 533.52 533.51 533.42 533.56 533.48 533.35 533.44 533.5 533.6 533.66 533.41 533.58 533.56 533.32 533.46 533.43 540.04 540.98 550.49 550.4 541.36 534.52 550.46 548.47 533.08 533.01 533.5 533.77 536.43 533.66 533.55 533.32 532.57 532.46 532.42 532.52 532.58 532.51 532.66 532.14 531.95 531.83 531.82 531.93 532.29 532.13 532.1 532.08 531.94 531.77 532.09 531.83 531.88 531.75 531.89 531.59 538.31 532.65 549.25 549.59 549.75 540.58 531.74 532.26 532.88
-9999 533.67 533.74 533.79 533.77 533.53 533.56 533.52 533.55 533.59 533.5 533.38 533.38 533.35 533.52 533.53 533.53 533.55 533.6 533.58 533.53 533.34 533.33 540.32 535.62 548.35 538.76 539.27 533.6 538.28 533.15 532.94 533.15 533.74 533.81 533.91 533.8 533.94 533.59 532.95 532.52 532.55 532.72 532.71 532.58 532.73 532.52 532.21 532 531.99 531.93 532.19 532.32 532.11 531.99 531.97 531.55 531.91 532 531.78 531.71 531.69 546.93 544.89 548.83 536.74 549.94 549.17 545.7 540.2 532.35 533.6
-9999 533.65 533.68 533.74 533.91 533.8 533.57 533.62 533.73 533.41 533.37 533.44 533.52 533.45 533.82 533.75 533.59 533.68 533.41 533.37 533.31 533.27 533.4 533.27 533.14 535.19 533.37 541.39 541.3 533.06 533.04 533.18 533.29 533.35 533.44 534.03 534.29 533.64 533.15 532.93 532.77 532.46 532.58 532.6 532.45 532.53 532.66 532.5 532.06 532.12 532.04 532.16 532.3 532.14 531.96 531.9 531.7 531.93 532.04 531.85 531.71 531.71 533.78 532 541.5 531.51 531.95 546.55 534.56 533.7 532.25 534.84
-9999 533.62 533.76 533.89 533.99 533.85 533.81 533.65 533.6 533.44 533.54 533.53 533.69 533.36 533.76 533.83 533.82 533.77 533.33 533.42 533.4 533.24 533.31 533.41 533.4 533.3 533.27 533.29 533.06 532.87 533.18 533.22 533.36 533.35 533.52 533.55 533.36 533.48 533.29 533.11 532.75 532.54 532.99 532.71 532.59 532.53 533.01 533.12 532.99 532.14 532.23 532.32 532.31 532.16 532 532.01 531.99 532.01 532.12 531.99 531.94 531.99 531.95 531.75 544.02 531.73 532.12 543.64 536.03 532.52 532.57 532.14
-9999 533.43 533.62 534 534.17 533.78 533.8 533.44 533.43 533.6 533.48 533.62 533.59 533.43 533.61 533.77 534.12 534.2 533.86 533.64 533.59 533.2 533.2 533.41 533.15 533.33 533.37 533.38 533.08 533.16 533.22 533.28 533.4 533.04 533.33 533.21 532.99 533.1 533.21 532.97 532.6 532.57 533.12 533.3 533.32 532.99 532.71 532.61 532.4 532.57 532.48 532.38 532.47 532.42 532.2 532.27 532.35 532.3 532.2 532.16 531.97 532.05 532.19 532.13 532.21 532.02 532.02 538.06 535.47 532.68 532.39 532.21
-9999 533.42 533.67 533.92 533.64 533.71 533.7 533.51 533.53 533.86 534.24 533.66 533.38 533.41 533.65 533.69 534.21 534.04 533.99 533.53 533.19 533.25 533.32 533.73 533.28 533.23 533.53 533.4 533.11 533.22 533.08 533.14 533.17 533.07 533.06 533.07 533.02 533.11 533.09 532.87 532.78 532.89 533.13 533.55 533.55 533.27 532.92 532.69 532.73 532.98 532.91 532.69 532.62 532.66 532.47 532.48 532.58 532.4 532.3 532.33 532.41 532.23 532.29 532.4 532.63 532.38 532.09 532.55 532.54 532.7 532.77 532.86
-9999 533.64 533.73 533.91 533.67 533.46 533.49 533.42 533.39 533.49 534.45 534.12 533.56 533.35 533.7 533.62 533.78 533.72 533.65 533.58 533.34 533.44 533.37 533.42 533.29 533.37 533.49 533.39 533.15 533.06 532.93 533.33 533.27 533.15 533.07 533.06 533.04 533.25 533.36 533.08 532.96 533.17 532.94 533.07 533.24 532.96 532.77 532.7 532.96 532.88 532.72 532.62 532.59 532.7 532.66 532.63 532.83 532.64 532.38 532.52 532.56 532.29 532.42 532.39 532.47 532.45 532.4 532.81 532.61 532.68 532.66 532.75
-9999 533.6 533.7 533.71 533.66 533.5 533.58 533.43 533.25 533.42 533.81 533.96 533.45 533.57 533.92 533.68 533.51 533.46 533.72 533.53 533.33 533.56 533.33 533.37 533.43 533.44 533.4 533.26 533.19 533.12 533.32 533.43 533.71 533.7 533.48 533.1 533.08 533.12 533.16 532.97 532.86 532.96 533.41 533.17 533.32 533.28 533.19 533.29 533.25 533.29 532.91 533 532.78 532.73 532.98 532.84 532.81 532.76 532.77 532.66 532.65 532.6 532.51 532.48 532.6 532.61 532.7 532.84 532.79 532.71 532.98 532.99
-9999 533.38 533.44 533.53 533.52 533.45 533.6 533.3 533.17 533.22 533.38 533.35 533.36 533.71 533.53 533.26 533.33 533.45 533.5 533.45 533.34 533.32 533.32 533.29 533.26 533.21 533.24 533.13 533.04 533.06 533.19 533.3 533.3 533.28 533.17 533.02 533.01 533.15 533.26 533.36 533.69 533.4 533.28 533.4 533.4 533.48 533.1 533.3 533.25 533.12 533.14 533.34 532.97 532.94 532.84 532.79 532.77 532.91 532.88 532.74 532.71 532.87 532.87 532.91 533.13 533.43 533 532.81 533.61 533.44 533.37 533.38
-9999 533.16 533.36 533.37 533.27 533.22 533.34 533.2 533.32 533.3 533.25 533.21 533.28 533.33 533.47 533.54 533.53 533.51 533.44 533.32 533.11 533.26 533.32 533.16 533.16 533.13 533.07 533.15 533.16 533.12 533.3 533.52 533.62 533.32 533.16 533.02 533.12 533.47 533.57 533.16 533.41 533.18 533.39 533.42 533.3 533.2 533.4 533.48 533.29 533.24 533.38 533.27 533.03 533.17 533.34 533.31 533.17 533.45 533.02 533.18 533.34 533.33 533.19 533.18 533.57 533.95 533.31 533.11 534.07 534.12 533.74 533.97
-9999 533.15 533.09 533.07 533.18 533.17 533.18 533.16 533.19 533.16 533.13 533.11 533.11 533.5 533.56 533.28 533.43 533.38 533.29 533.23 533.12 533.08 533.06 533.04 533.19 533.26 533.26 533.39 533.36 533.41 533.45 533.6 533.76 533.45 533.32 533.33 533.43 533.54 533.46 533.25 533.57 533.29 533.53 533.58 533.43 533.54 533.54 540.12 538.41 533.52 533.51 533.3 533.33 533.5 533.29 533.4 533.55 533.73 533.14 533.48 533.65 533.83 533.54 533.29 533.35 534.08 533.93 533.97 534.21 534.41 534.5 534.65
-9999 533.12 533.03 532.91 532.91 533 532.95 532.94 533.01 533.15 533.21 533.01 533 533.2 533.35 533.34 533.09 533.13 533.04 533.09 533.35 533.32 533.09 533.34 533.36 533.54 533.28 533.56 533.34 533.46 533.16 533.56 533.37 533.28 533.76 533.55 533.73 533.39 533.9 533.32 533.48 533.34 533.59 533.61 533.53 533.78 533.6 533.48 545.45 539.03 544.7 533.66 536.68 533.66 533.48 533.7 533.52 533.82 533.56 533.38 533.5 533.92 534.32 533.85 533.8 533.93 534.01 534.37 534.66 534.82 534.6 534.32
-9999 533.06 532.98 532.96 532.8 532.76 533 533.08 533.19 533.08 533.12 533.18 533.01 533.22 533.4 533.44 533.13 533.04 532.91 533.17 533.43 533.4 533.39 533.41 533.5 533.45 533.47 533.37 533.21 533.23 533.52 533.86 533.69 533.38 533.59 533.61 533.56 533.7 533.94 533.48 533.83 533.57 533.7 533.69 533.76 533.92 533.66 538.5 535.39 545.37 544.53 543.14 535.94 533.76 533.84 534.05 533.66 533.66 534.02 533.52 533.58 533.95 534.32 533.94 534.09 534.19 534.49 534.69 535.84 535.05 534.55 533.94
-9999 532.85 532.86 532.9 536.07 533.13 532.99 532.94 533.12 533.15 533.04 533.15 533.19 533.06 533.69 533.57 532.94 533.03 532.93 533.25 533.72 533.68 534.03 533.73 533.5 533.51 533.63 533.5 533.67 533.24 533.69 533.99 533.79 533.68 533.49 533.57 533.69 533.76 533.7 533.73 533.87 533.77 533.85 533.63 533.84 533.83 536.72 538.14 539.7 543.1 536.99 538.26 537.23 541.21 534.06 533.99 533.89 534 534.34 533.79 533.98 534.06 534.02 533.88 534.33 534.54 534.75 535.24 536.67 535.8 535.06 534.57
-9999 541.08 533.38 533.03 546.97 536.09 533.33 533.16 533.06 532.88 532.94 533.25 533.36 533.05 533.27 533.12 532.75 533.05 533.05 533.46 533.63 534.34 534.51 533.76 533.42 533.66 533.67 533.37 533.4 533.26 533.34 533.68 533.89 533.73 533.6 533.6 533.52 533.72 533.8 533.89 533.83 533.92 534.04 534.02 534.1 533.92 536.39 544.24 546.71 546.37 546.54 545.73 533.98 534.18 534.21 534.17 534.26 534.56 534.51 534.26 534.4 534.42 534.42 534.58 534.48 534.52 534.74 534.82 536.15 535.23 534.63 534.74
-9999 539.71 547.09 532.8 537.81 536 536.54 533.57 533.07 533 533.02 532.98 533.24 532.74 533.08 533.06 532.82 533.13 533.31 533.49 533.22 533.46 533.71 533.39 533.16 533.36 533.63 533.71 533.5 533.45 533.63 533.71 533.71 533.65 533.96 534.14 533.72 533.96 533.84 533.9 534.06 534.21 534.17 534.06 534.36 534.22 541.32 539.64 536.27 545.33 546.84 542.37 534.93 534.47 534.45 534.3 534.64 534.55 534.21 534.14 534.34 534.64 534.32 534.12 534.66 535.06 535.43 534.7 534.87 535.32 535.39 536.22
-9999 547.68 549.62 549.68 549.09 543.49 536.01 533.32 532.95 533.07 532.94 532.9 532.76 532.91 533.22 533.04 533.05 533.17 533.43 533.26 532.99 533.15 533.22 533.42 533.21 533.28 533.43 533.93 533.64 534 533.83 533.78 533.72 533.95 534.13 533.96 533.9 534.02 533.88 534.05 534.32 534.17 534.26 534.42 534.47 534.35 534.31 537.98 544.01 544.75 543.84 535.49 535.37 534.66 534.49 534.41 534.67 534.8 534.84 534.42 534.71 534.98 535.05 534.83 534.68 534.83 535.33 534.84 534.66 534.86 535.95 537.43
-9999 535.5 548.67 549.59 549.41 549.28 537.59 532.97 533.14 533.12 533.16 533.2 533.08 533.07 533.21 533.05 533.2 533.26 533.24 533.26 533.1 533.28 533.38 533.61 533.57 533.33 533.43 533.6 533.61 534.02 534.08 534.03 533.84 533.9 534.16 534.24 534.07 534.08 534.07 534.35 534.61 534.4 534.34 534.52 534.34 534.67 534.35 534.36 535 534.61 541.02 534.6 534.74 534.65 534.78 534.65 534.76 535.04 534.91 534.73 534.98 535.11 535.15 535.24 534.88 534.99 535.14 534.99 534.92 535.07 535.61 536.2
